0 0.572265625 0.046875 0.08984375 0.0390625
0 0.517578125 0.0234375 0.08984375 0.03125
0 0.3984375 0.060546875 0.109375 0.06640625
0 0.333984375 0.064453125 0.10546875 0.06640625
0 0.833984375 0.396484375 0.07421875 0.04296875
0 0.55859375 0.701171875 0.1015625 0.03515625
0 0.603515625 0.73046875 0.08984375 0.0390625
0 0.373046875 0.595703125 0.10546875 0.04296875
0 0.0859375 0.451171875 0.0703125 0.06640625
0 0.248046875 0.2421875 0.12109375 0.0390625
0 0.1484375 0.7421875 0.0390625 0.09375
0 0.181640625 0.791015625 0.05078125 0.08984375
0 0.095703125 0.923828125 0.05859375 0.07421875
0 0.142578125 0.951171875 0.05859375 0.06640625
1 0.142578125 0.91796875 0.11328125 0.1015625
1 0.1953125 0.75 0.0703125 0.125
1 0.228515625 0.625 0.12109375 0.078125
1 0.185546875 0.369140625 0.12109375 0.04296875
1 0.392578125 0.494140625 0.11328125 0.08203125
1 0.865234375 0.90234375 0.12109375 0.0703125
1 0.482421875 0.197265625 0.14453125 0.08984375
1 0.490234375 0.173828125 0.12109375 0.08203125
0 0.03125 0.46875 0.0546875 0.0703125