0 0.30859375 0.087890625 0.0859375 0.06640625
1 0.38671875 0.0625 0.09375 0.078125
1 0.396484375 0.044921875 0.10546875 0.08203125
2 0.783203125 0.111328125 0.24609375 0.13671875
1 0.921875 0.455078125 0.1328125 0.07421875
1 0.55859375 0.94921875 0.15625 0.0546875
1 0.654296875 0.859375 0.05078125 0.1640625
0 0.685546875 0.8984375 0.04296875 0.09375
0 0.7890625 0.7421875 0.109375 0.0546875
0 0.55859375 0.447265625 0.09375 0.04296875
0 0.69140625 0.349609375 0.1171875 0.05078125
0 0.228515625 0.482421875 0.09765625 0.08984375
0 0.376953125 0.705078125 0.08984375 0.05859375
0 0.09765625 0.796875 0.1015625 0.0625