2 0.13671875 0.05078125 0.265625 0.09375
2 0.615234375 0.85546875 0.30078125 0.109375
1 0.576171875 0.115234375 0.16015625 0.05859375
1 0.5859375 0.142578125 0.1484375 0.05078125
1 0.59375 0.16015625 0.203125 0.078125
1 0.322265625 0.279296875 0.14453125 0.06640625
1 0.341796875 0.302734375 0.16015625 0.06640625
1 0.78515625 0.552734375 0.1640625 0.08203125
1 0.77734375 0.578125 0.1640625 0.09375
1 0.0703125 0.78125 0.1328125 0.0390625
0 0.064453125 0.8125 0.12109375 0.0390625
0 0.427734375 0.736328125 0.08984375 0.08203125
0 0.4296875 0.7734375 0.09375 0.078125