0 0.310546875 0.041015625 0.05078125 0.07421875
1 0.263671875 0.091796875 0.11328125 0.06640625
1 0.666015625 0.048828125 0.12109375 0.04296875
1 0.828125 0.55859375 0.1328125 0.0703125
1 0.52734375 0.501953125 0.125 0.08203125
0 0.572265625 0.126953125 0.08203125 0.04296875
0 0.630859375 0.10546875 0.06640625 0.0703125
0 0.71875 0.025390625 0.09375 0.04296875
0 0.623046875 0.021484375 0.10546875 0.03515625
0 0.958984375 0.5390625 0.05078125 0.09375
0 0.146484375 0.46484375 0.16015625 0.0546875
0 0.103515625 0.240234375 0.10546875 0.05078125
0 0.083984375 0.779296875 0.08203125 0.04296875