1 0.8828125 0.1328125 0.1328125 0.0859375
1 0.90625 0.146484375 0.125 0.08203125
1 0.462890625 0.318359375 0.12890625 0.08984375
1 0.46875 0.349609375 0.125 0.08203125
1 0.4296875 0.228515625 0.125 0.12890625
1 0.416015625 0.2109375 0.12890625 0.125
1 0.767578125 0.44921875 0.17578125 0.0703125
1 0.76171875 0.478515625 0.1953125 0.07421875
1 0.609375 0.83203125 0.140625 0.09375
1 0.626953125 0.8515625 0.12890625 0.0859375
1 0.064453125 0.736328125 0.12109375 0.06640625
1 0.06640625 0.767578125 0.125 0.05859375