2 0.13671875 0.427734375 0.265625 0.20703125
0 0.267578125 0.62109375 0.07421875 0.0625
0 0.333984375 0.62890625 0.07421875 0.0546875
0 0.611328125 0.720703125 0.08984375 0.05859375
0 0.625 0.763671875 0.1015625 0.05859375
0 0.796875 0.880859375 0.125 0.06640625
1 0.935546875 0.955078125 0.12890625 0.05078125
0 0.94921875 0.98046875 0.1015625 0.0390625
0 0.724609375 0.517578125 0.09765625 0.05078125
0 0.6953125 0.474609375 0.09375 0.06640625
0 0.6953125 0.29296875 0.109375 0.0859375
0 0.798828125 0.107421875 0.08984375 0.07421875
0 0.861328125 0.09765625 0.08203125 0.078125
1 0.962890625 0.390625 0.06640625 0.109375
1 0.705078125 0.326171875 0.12890625 0.10546875
1 0.865234375 0.21484375 0.14453125 0.078125