1 0.3828125 0.029296875 0.1484375 0.05078125
1 0.498046875 0.16796875 0.09765625 0.0703125
1 0.87890625 0.380859375 0.1015625 0.05859375
1 0.59765625 0.681640625 0.1171875 0.06640625
1 0.189453125 0.734375 0.07421875 0.109375
1 0.14453125 0.904296875 0.09375 0.08203125
1 0.076171875 0.423828125 0.10546875 0.05859375
0 0.267578125 0.2109375 0.08984375 0.0390625
0 0.20703125 0.3359375 0.0859375 0.046875
0 0.412109375 0.462890625 0.08203125 0.06640625
0 0.39453125 0.5625 0.078125 0.0390625
0 0.25390625 0.591796875 0.0859375 0.05859375
0 0.16015625 0.8828125 0.0703125 0.0703125
0 0.212890625 0.720703125 0.05859375 0.08984375
0 0.5078125 0.13671875 0.0859375 0.0625
0 0.884765625 0.87109375 0.08984375 0.0625