0 0.142578125 0.017578125 0.08984375 0.02734375
0 0.19140625 0.037109375 0.078125 0.04296875
0 0.583984375 0.38671875 0.05859375 0.1015625
0 0.53125 0.435546875 0.0703125 0.09765625
0 0.548828125 0.45703125 0.07421875 0.0859375
0 0.798828125 0.62890625 0.07421875 0.0625
0 0.796875 0.66796875 0.078125 0.0625
0 0.412109375 0.8984375 0.06640625 0.0859375
0 0.451171875 0.931640625 0.05859375 0.08984375
0 0.435546875 0.958984375 0.05859375 0.08203125
0 0.119140625 0.4765625 0.08984375 0.09375
2 0.69921875 0.79296875 0.2734375 0.1484375
1 0.078125 0.1328125 0.1328125 0.1015625
1 0.072265625 0.212890625 0.05078125 0.12109375
1 0.09765625 0.228515625 0.046875 0.12890625
1 0.287109375 0.873046875 0.12890625 0.06640625