2 0.802734375 0.083984375 0.23828125 0.12890625
0 0.31640625 0.06640625 0.078125 0.0625
0 0.24609375 0.45703125 0.078125 0.0859375
0 0.7109375 0.322265625 0.109375 0.05078125
0 0.576171875 0.419921875 0.08203125 0.04296875
0 0.806640625 0.716796875 0.09765625 0.05078125
0 0.703125 0.87109375 0.0390625 0.0859375
0 0.390625 0.6796875 0.0859375 0.0625
0 0.111328125 0.76953125 0.08984375 0.0546875
1 0.673828125 0.82421875 0.05078125 0.1484375
1 0.5703125 0.927734375 0.140625 0.05859375
1 0.935546875 0.4296875 0.12109375 0.0703125