2 0.20703125 0.56640625 0.359375 0.28125
2 0.58203125 0.40625 0.25 0.125
2 0.84765625 0.46484375 0.171875 0.140625
2 0.677734375 0.828125 0.30078125 0.1015625
1 0.1796875 0.955078125 0.1484375 0.04296875
1 0.7265625 0.291015625 0.1484375 0.05859375
0 0.69140625 0.3046875 0.0859375 0.0390625
0 0.763671875 0.330078125 0.08984375 0.04296875
0 0.65625 0.099609375 0.0859375 0.07421875
0 0.47265625 0.056640625 0.1171875 0.07421875
1 0.4453125 0.0390625 0.1171875 0.0703125
1 0.291015625 0.1328125 0.14453125 0.046875
1 0.283203125 0.16015625 0.14453125 0.0546875
2 0.0859375 0.1484375 0.1640625 0.0859375