0 0.634765625 0.025390625 0.09765625 0.03515625
0 0.669921875 0.048828125 0.10546875 0.04296875
0 0.591796875 0.17578125 0.11328125 0.0390625
0 0.65234375 0.169921875 0.0703125 0.10546875
1 0.669921875 0.1484375 0.08984375 0.125
1 0.1328125 0.0625 0.140625 0.0625
2 0.10546875 0.7265625 0.1875 0.421875
0 0.20703125 0.53125 0.0859375 0.09375
0 0.25 0.59375 0.078125 0.046875
0 0.208984375 0.609375 0.08203125 0.0390625
0 0.302734375 0.43359375 0.12109375 0.078125
0 0.486328125 0.439453125 0.11328125 0.06640625
0 0.45703125 0.521484375 0.078125 0.05859375
0 0.51171875 0.52734375 0.0859375 0.0546875
0 0.740234375 0.462890625 0.12109375 0.04296875
0 0.88671875 0.49609375 0.09375 0.0625
0 0.9453125 0.494140625 0.078125 0.05859375
0 0.783203125 0.6640625 0.09765625 0.046875
0 0.732421875 0.685546875 0.09765625 0.03515625