0 0.283203125 0.134765625 0.06640625 0.05078125
0 0.33984375 0.103515625 0.0546875 0.06640625
0 0.77734375 0.19140625 0.09375 0.0390625
0 0.81640625 0.21875 0.0859375 0.0390625
0 0.958984375 0.724609375 0.04296875 0.08203125
0 0.962890625 0.654296875 0.05078125 0.07421875
0 0.92578125 0.8515625 0.109375 0.140625
0 0.0546875 0.4609375 0.0703125 0.0390625
0 0.32421875 0.361328125 0.1015625 0.05078125
0 0.16796875 0.50390625 0.1015625 0.046875
0 0.123046875 0.53515625 0.10546875 0.03125
0 0.251953125 0.701171875 0.06640625 0.11328125
1 0.357421875 0.3828125 0.14453125 0.0625
1 0.689453125 0.291015625 0.15234375 0.10546875
1 0.791015625 0.759765625 0.14453125 0.06640625