2 0.796875 0.240234375 0.1640625 0.24609375
2 0.0859375 0.330078125 0.1640625 0.11328125
2 0.0703125 0.58984375 0.1328125 0.1015625
0 0.341796875 0.498046875 0.12890625 0.06640625
0 0.466796875 0.28515625 0.12109375 0.046875
0 0.63671875 0.67578125 0.0859375 0.0546875
0 0.681640625 0.72265625 0.08984375 0.0625
0 0.744140625 0.873046875 0.08203125 0.09765625
0 0.73828125 0.939453125 0.0703125 0.08203125
0 0.548828125 0.919921875 0.11328125 0.09765625
0 0.537109375 0.89453125 0.09765625 0.09375
1 0.333984375 0.53125 0.12109375 0.0625
1 0.51171875 0.4609375 0.125 0.0703125
1 0.482421875 0.3046875 0.13671875 0.0546875