2 0.080078125 0.59765625 0.15234375 0.1171875
2 0.09375 0.365234375 0.1796875 0.16796875
2 0.796875 0.25390625 0.203125 0.2734375
1 0.51953125 0.90625 0.1328125 0.1171875
1 0.53515625 0.9296875 0.1484375 0.125
1 0.73046875 0.8984375 0.09375 0.1328125
1 0.75 0.92578125 0.0859375 0.125
1 0.33984375 0.53515625 0.171875 0.0703125
1 0.458984375 0.28515625 0.16015625 0.0546875
1 0.46875 0.310546875 0.1875 0.06640625
0 0.65234375 0.689453125 0.1171875 0.06640625
0 0.6640625 0.720703125 0.1171875 0.06640625
0 0.505859375 0.470703125 0.16796875 0.08984375
0 0.33984375 0.505859375 0.171875 0.07421875