2 0.068359375 0.06640625 0.12890625 0.125
2 0.35546875 0.087890625 0.2578125 0.16796875
2 0.76953125 0.134765625 0.3359375 0.19921875
2 0.58984375 0.875 0.25 0.25
0 0.06640625 0.810546875 0.1015625 0.07421875
0 0.38671875 0.724609375 0.078125 0.08203125
0 0.345703125 0.72265625 0.07421875 0.078125
0 0.59375 0.462890625 0.1015625 0.06640625
0 0.517578125 0.466796875 0.11328125 0.05078125
0 0.6640625 0.353515625 0.1171875 0.05078125
0 0.76171875 0.767578125 0.1171875 0.06640625
1 0.791015625 0.751953125 0.11328125 0.06640625
1 0.93359375 0.46484375 0.1171875 0.078125
1 0.91015625 0.48046875 0.15625 0.109375
1 0.685546875 0.375 0.13671875 0.0546875
1 0.224609375 0.48828125 0.13671875 0.0859375
1 0.23046875 0.5234375 0.125 0.078125