0 0.09375 0.05859375 0.0859375 0.0703125
0 0.564453125 0.115234375 0.08203125 0.05078125
0 0.603515625 0.1328125 0.08203125 0.046875
0 0.615234375 0.15625 0.11328125 0.0546875
0 0.767578125 0.53515625 0.09765625 0.046875
0 0.798828125 0.578125 0.08203125 0.0625
0 0.4296875 0.75 0.0703125 0.1015625
0 0.08203125 0.80078125 0.078125 0.0390625
1 0.1484375 0.04296875 0.1875 0.078125
1 0.625 0.83203125 0.1640625 0.0546875
1 0.333984375 0.279296875 0.13671875 0.05078125
1 0.6328125 0.865234375 0.15625 0.05859375