2 0.599609375 0.54296875 0.17578125 0.1484375
0 0.150390625 0.1015625 0.12890625 0.0390625
0 0.796875 0.22265625 0.0703125 0.0703125
0 0.79296875 0.275390625 0.0703125 0.07421875
0 0.4375 0.390625 0.1015625 0.0703125
0 0.384765625 0.40234375 0.10546875 0.0546875
0 0.041015625 0.58203125 0.07421875 0.0546875
1 0.0703125 0.603515625 0.1328125 0.08984375
1 0.16015625 0.296875 0.1484375 0.0390625
1 0.18359375 0.32421875 0.1640625 0.046875
1 0.349609375 0.744140625 0.14453125 0.03515625
1 0.369140625 0.775390625 0.14453125 0.04296875
1 0.255859375 0.884765625 0.11328125 0.07421875
1 0.271484375 0.90625 0.12109375 0.0703125