1 0.44140625 0.1015625 0.1015625 0.0859375
1 0.41015625 0.115234375 0.1015625 0.08203125
1 0.318359375 0.17578125 0.14453125 0.0703125
1 0.390625 0.59375 0.125 0.0390625
1 0.474609375 0.638671875 0.12109375 0.06640625
1 0.5234375 0.466796875 0.1171875 0.04296875
1 0.908203125 0.896484375 0.14453125 0.05078125
1 0.955078125 0.134765625 0.08203125 0.08984375
0 0.40625 0.53515625 0.0703125 0.0625
0 0.513671875 0.2578125 0.06640625 0.0703125
0 0.60546875 0.138671875 0.0625 0.07421875
0 0.60546875 0.69140625 0.1015625 0.0625
0 0.919921875 0.755859375 0.07421875 0.06640625
0 0.880859375 0.763671875 0.08203125 0.07421875
2 0.748046875 0.19140625 0.11328125 0.109375
0 0.646484375 0.958984375 0.05859375 0.08203125