1 0.12890625 0.033203125 0.171875 0.05859375
1 0.5078125 0.1015625 0.140625 0.046875
1 0.943359375 0.208984375 0.11328125 0.08203125
1 0.763671875 0.353515625 0.09765625 0.11328125
1 0.845703125 0.509765625 0.14453125 0.05859375
1 0.509765625 0.525390625 0.16796875 0.04296875
1 0.068359375 0.7578125 0.12890625 0.0703125
0 0.69140625 0.958984375 0.125 0.06640625
0 0.875 0.96875 0.1015625 0.046875
0 0.806640625 0.978515625 0.09765625 0.04296875
0 0.236328125 0.53515625 0.08203125 0.0703125
0 0.201171875 0.544921875 0.08984375 0.07421875
0 0.537109375 0.080078125 0.12890625 0.05078125
0 0.798828125 0.3515625 0.08984375 0.1015625
0 0.375 0.421875 0.0859375 0.0390625
0 0.314453125 0.404296875 0.08203125 0.04296875
1 0.953125 0.630859375 0.09375 0.08984375