1 0.82421875 0.1015625 0.1328125 0.0703125
1 0.712890625 0.4921875 0.11328125 0.1015625
0 0.595703125 0.7109375 0.06640625 0.0546875
0 0.63671875 0.76171875 0.0703125 0.0625
0 0.802734375 0.8828125 0.09765625 0.0546875
0 0.927734375 0.955078125 0.10546875 0.05078125
0 0.958984375 0.39453125 0.05078125 0.0859375
0 0.865234375 0.21484375 0.11328125 0.0703125
0 0.703125 0.287109375 0.0859375 0.06640625
0 0.697265625 0.328125 0.09765625 0.0859375
0 0.212890625 0.3515625 0.10546875 0.046875
0 0.1328125 0.369140625 0.1171875 0.05078125
1 0.09375 0.412109375 0.1328125 0.07421875
1 0.06640625 0.5 0.125 0.0546875
1 0.29296875 0.619140625 0.1171875 0.05859375