0 0.10546875 0.056640625 0.0859375 0.04296875
0 0.166015625 0.076171875 0.08984375 0.04296875
0 0.640625 0.0234375 0.1171875 0.0390625
1 0.658203125 0.05859375 0.12890625 0.0390625
1 0.662109375 0.14453125 0.10546875 0.140625
0 0.64453125 0.1640625 0.09375 0.125
0 0.595703125 0.185546875 0.12890625 0.05859375
0 0.89453125 0.4921875 0.109375 0.0703125
0 0.9375 0.501953125 0.09375 0.06640625
0 0.7734375 0.66796875 0.109375 0.046875
0 0.734375 0.6875 0.109375 0.0390625
0 0.466796875 0.51953125 0.08984375 0.0625
0 0.501953125 0.53515625 0.09765625 0.0625
0 0.23828125 0.59375 0.09375 0.046875
0 0.216796875 0.615234375 0.08984375 0.04296875
2 0.103515625 0.728515625 0.19921875 0.42578125
1 0.21484375 0.53515625 0.109375 0.09375
1 0.302734375 0.435546875 0.14453125 0.08984375
1 0.490234375 0.443359375 0.12890625 0.08203125
1 0.7421875 0.466796875 0.1484375 0.05078125