1 0.908203125 0.845703125 0.14453125 0.16796875
1 0.810546875 0.76171875 0.18359375 0.0546875
1 0.33203125 0.361328125 0.140625 0.05859375
0 0.95703125 0.669921875 0.0546875 0.09765625
0 0.966796875 0.71484375 0.05859375 0.1015625
0 0.78515625 0.1953125 0.1171875 0.0390625
0 0.802734375 0.22265625 0.12109375 0.0390625
0 0.671875 0.275390625 0.125 0.05078125
0 0.70703125 0.318359375 0.1171875 0.05859375
0 0.33203125 0.119140625 0.0703125 0.08984375
0 0.296875 0.123046875 0.0703125 0.08984375
0 0.396484375 0.375 0.08984375 0.0390625
0 0.318359375 0.40234375 0.11328125 0.03125
0 0.046875 0.46484375 0.0859375 0.046875
1 0.150390625 0.5078125 0.12890625 0.046875
1 0.130859375 0.53515625 0.12109375 0.0390625
0 0.255859375 0.70703125 0.08984375 0.1484375