1 0.45703125 0.041015625 0.125 0.04296875
1 0.611328125 0.40625 0.16796875 0.1015625
1 0.607421875 0.80078125 0.13671875 0.0859375
2 0.220703125 0.564453125 0.30859375 0.26171875
0 0.068359375 0.12109375 0.08203125 0.0546875
0 0.111328125 0.162109375 0.08984375 0.05859375
0 0.271484375 0.125 0.08203125 0.046875
0 0.30859375 0.158203125 0.0859375 0.04296875
0 0.64453125 0.05859375 0.0625 0.109375
0 0.720703125 0.279296875 0.08984375 0.05078125
0 0.74609375 0.322265625 0.09375 0.05078125
0 0.806640625 0.423828125 0.08984375 0.08203125
0 0.8828125 0.48046875 0.078125 0.0390625
0 0.85546875 0.513671875 0.078125 0.04296875
0 0.765625 0.8125 0.09375 0.0546875
0 0.736328125 0.849609375 0.08984375 0.05078125
0 0.177734375 0.951171875 0.08203125 0.03515625
1 0.177734375 0.982421875 0.15234375 0.03515625
0 0.50390625 0.3828125 0.0859375 0.0625