1 0.833984375 0.0625 0.11328125 0.0703125
0 0.453125 0.048828125 0.0859375 0.08203125
0 0.33203125 0.111328125 0.078125 0.05078125
0 0.279296875 0.12890625 0.03515625 0.09375
0 0.17578125 0.396484375 0.09375 0.03515625
0 0.435546875 0.412109375 0.08984375 0.06640625
0 0.4140625 0.4296875 0.0859375 0.0546875
0 0.08203125 0.75390625 0.078125 0.046875
0 0.15625 0.681640625 0.109375 0.04296875
1 0.162109375 0.244140625 0.10546875 0.05859375
1 0.208984375 0.369140625 0.18359375 0.05078125
1 0.158203125 0.423828125 0.12109375 0.04296875