0 0.8671875 0.146484375 0.09375 0.06640625
0 0.92578125 0.14453125 0.0859375 0.0703125
0 0.423828125 0.1953125 0.09765625 0.0859375
0 0.4609375 0.310546875 0.1015625 0.06640625
0 0.478515625 0.359375 0.08984375 0.0703125
0 0.75390625 0.44921875 0.125 0.0546875
1 0.4296875 0.220703125 0.1015625 0.09765625
1 0.779296875 0.48828125 0.13671875 0.0625
1 0.58984375 0.83984375 0.1015625 0.0703125
0 0.6328125 0.84765625 0.0859375 0.0703125
1 0.048828125 0.736328125 0.08984375 0.05859375
1 0.0546875 0.771484375 0.1015625 0.05859375