2 0.4375 0.1484375 0.3125 0.2421875
2 0.12890625 0.935546875 0.1640625 0.12890625
2 0.2734375 0.716796875 0.328125 0.28515625
1 0.853515625 0.412109375 0.14453125 0.04296875
1 0.533203125 0.03125 0.15234375 0.0390625
1 0.5390625 0.0625 0.1640625 0.046875
1 0.25390625 0.251953125 0.1953125 0.05078125
1 0.072265625 0.46875 0.12890625 0.109375
1 0.583984375 0.7109375 0.17578125 0.0390625
1 0.59375 0.7421875 0.15625 0.0390625
0 0.052734375 0.458984375 0.09765625 0.09765625
0 0.203125 0.37109375 0.109375 0.0625
0 0.169921875 0.388671875 0.11328125 0.05859375
0 0.388671875 0.48828125 0.11328125 0.046875
0 0.3984375 0.517578125 0.109375 0.05078125
0 0.880859375 0.8984375 0.10546875 0.0390625
0 0.849609375 0.927734375 0.10546875 0.03515625