1 0.298828125 0.119140625 0.10546875 0.12109375
1 0.3203125 0.130859375 0.09375 0.11328125
1 0.775390625 0.203125 0.16796875 0.046875
1 0.787109375 0.23046875 0.17578125 0.0390625
1 0.6875 0.287109375 0.171875 0.06640625
1 0.693359375 0.3203125 0.16015625 0.0703125
2 0.857421875 0.728515625 0.27734375 0.40234375
0 0.375 0.357421875 0.1171875 0.03515625
1 0.349609375 0.3828125 0.22265625 0.0390625
1 0.326171875 0.412109375 0.15234375 0.03515625
1 0.13671875 0.51171875 0.1796875 0.0390625
1 0.134765625 0.541015625 0.17578125 0.04296875
0 0.259765625 0.685546875 0.08984375 0.09765625
0 0.23828125 0.7578125 0.0859375 0.09375