0 0.154296875 0.017578125 0.12890625 0.02734375
0 0.099609375 0.044921875 0.13671875 0.04296875
0 0.326171875 0.408203125 0.10546875 0.05078125
0 0.361328125 0.427734375 0.11328125 0.04296875
0 0.919921875 0.212890625 0.05859375 0.08203125
0 0.962890625 0.2109375 0.06640625 0.078125
0 0.951171875 0.640625 0.08203125 0.078125
0 0.072265625 0.76171875 0.10546875 0.0703125
2 0.783203125 0.357421875 0.13671875 0.14453125
1 0.841796875 0.515625 0.18359375 0.0625
1 0.52734375 0.08203125 0.1796875 0.0546875
1 0.521484375 0.107421875 0.18359375 0.05859375
1 0.224609375 0.53515625 0.12109375 0.0859375
1 0.208984375 0.5546875 0.11328125 0.0859375
1 0.509765625 0.533203125 0.22265625 0.05078125
1 0.861328125 0.966796875 0.12890625 0.05859375
1 0.810546875 0.978515625 0.12109375 0.04296875
1 0.7109375 0.962890625 0.171875 0.07421875