1 0.646484375 0.1484375 0.14453125 0.0625
0 0.685546875 0.111328125 0.07421875 0.08203125
0 0.154296875 0.029296875 0.09765625 0.05078125
0 0.322265625 0.3984375 0.08984375 0.0703125
0 0.50390625 0.40234375 0.0859375 0.0625
0 0.7578125 0.427734375 0.1015625 0.05078125
1 0.9296875 0.4609375 0.125 0.046875
1 0.76953125 0.640625 0.125 0.046875
1 0.5 0.4921875 0.125 0.046875
1 0.119140625 0.6640625 0.07421875 0.1171875
1 0.060546875 0.5390625 0.06640625 0.1015625
1 0.248046875 0.5703125 0.09765625 0.0546875
0 0.21875 0.48828125 0.078125 0.078125
0 0.0859375 0.556640625 0.0546875 0.06640625
0 0.123046875 0.80859375 0.05859375 0.09375
0 0.166015625 0.79296875 0.04296875 0.078125
0 0.173828125 0.853515625 0.08203125 0.07421875
0 0.248046875 0.962890625 0.05859375 0.07421875