0 0.166015625 0.099609375 0.09765625 0.04296875
0 0.12109375 0.125 0.109375 0.0390625
0 0.140625 0.29296875 0.1171875 0.0390625
0 0.205078125 0.322265625 0.11328125 0.04296875
0 0.078125 0.58984375 0.1171875 0.078125
0 0.3359375 0.744140625 0.1015625 0.03515625
0 0.3828125 0.771484375 0.1015625 0.04296875
0 0.24609375 0.884765625 0.0859375 0.06640625
0 0.283203125 0.896484375 0.08984375 0.05859375
1 0.798828125 0.23828125 0.06640625 0.1171875
1 0.412109375 0.390625 0.16015625 0.0546875
2 0.599609375 0.537109375 0.16015625 0.13671875