2 0.435546875 0.205078125 0.27734375 0.35546875
2 0.595703125 0.580078125 0.12109375 0.24609375
2 0.533203125 0.845703125 0.12890625 0.16796875
2 0.173828125 0.728515625 0.09765625 0.19140625
1 0.046875 0.177734375 0.0390625 0.14453125
0 0.90234375 0.654296875 0.0703125 0.08203125
0 0.9453125 0.470703125 0.0703125 0.11328125
1 0.962890625 0.443359375 0.06640625 0.11328125
1 0.869140625 0.2890625 0.04296875 0.140625
1 0.841796875 0.28125 0.05078125 0.140625
2 0.853515625 0.083984375 0.08203125 0.16015625
2 0.119140625 0.501953125 0.20703125 0.26171875
1 0.806640625 0.814453125 0.17578125 0.08984375
2 0.658203125 0.76953125 0.12109375 0.3671875