2 0.794921875 0.435546875 0.35546875 0.27734375
2 0.419921875 0.595703125 0.24609375 0.12109375
2 0.154296875 0.537109375 0.16796875 0.13671875
2 0.32421875 0.173828125 0.296875 0.09765625
1 0.822265625 0.046875 0.14453125 0.0390625
0 0.345703125 0.90234375 0.08203125 0.0703125
0 0.529296875 0.9453125 0.11328125 0.0703125
1 0.556640625 0.962890625 0.11328125 0.06640625
1 0.7109375 0.869140625 0.140625 0.04296875
1 0.71875 0.85546875 0.140625 0.0234375
2 0.916015625 0.853515625 0.16015625 0.08203125
2 0.26171875 0.705078125 0.3125 0.10546875
2 0.57421875 0.359375 0.5234375 0.234375
2 0.732421875 0.724609375 0.20703125 0.23046875