2 0.794921875 0.435546875 0.35546875 0.27734375
2 0.380859375 0.595703125 0.16796875 0.12109375
2 0.32421875 0.173828125 0.296875 0.09765625
1 0.822265625 0.046875 0.14453125 0.0390625
1 0.3125 0.7109375 0.0703125 0.0546875
0 0.314453125 0.697265625 0.07421875 0.03515625
0 0.345703125 0.90234375 0.08203125 0.0703125
0 0.529296875 0.9453125 0.11328125 0.0703125
1 0.556640625 0.962890625 0.11328125 0.06640625
1 0.7109375 0.869140625 0.140625 0.04296875
1 0.71875 0.841796875 0.140625 0.05078125
2 0.916015625 0.853515625 0.16015625 0.08203125
1 0.208984375 0.72265625 0.04296875 0.140625
1 0.240234375 0.56640625 0.05078125 0.1328125
2 0.638671875 0.529296875 0.34765625 0.28515625
2 0.15625 0.4765625 0.234375 0.5234375