2 0.794921875 0.435546875 0.35546875 0.27734375
2 0.419921875 0.595703125 0.24609375 0.12109375
2 0.154296875 0.537109375 0.16796875 0.13671875
2 0.32421875 0.173828125 0.296875 0.09765625
1 0.822265625 0.046875 0.14453125 0.0390625
1 0.275390625 0.7109375 0.14453125 0.0546875
0 0.310546875 0.697265625 0.08203125 0.03515625
0 0.23828125 0.671875 0.0859375 0.0390625
0 0.345703125 0.90234375 0.08203125 0.0703125
0 0.529296875 0.9453125 0.11328125 0.0703125
1 0.556640625 0.962890625 0.11328125 0.06640625
1 0.7109375 0.869140625 0.140625 0.04296875
1 0.71875 0.841796875 0.140625 0.05078125
2 0.916015625 0.853515625 0.16015625 0.08203125
2 0.83203125 0.455078125 0.1328125 0.26953125
1 0.095703125 0.328125 0.08984375 0.4375
2 0.341796875 0.482421875 0.12890625 0.20703125
2 0.7109375 0.1953125 0.21875 0.1953125