2 0.404296875 0.419921875 0.12109375 0.24609375
2 0.462890625 0.154296875 0.13671875 0.16796875
2 0.826171875 0.32421875 0.09765625 0.296875
1 0.2890625 0.275390625 0.0546875 0.14453125
0 0.302734375 0.310546875 0.03515625 0.08203125
0 0.328125 0.23828125 0.0390625 0.0859375
0 0.09765625 0.345703125 0.0703125 0.08203125
0 0.0546875 0.529296875 0.0703125 0.11328125
1 0.037109375 0.556640625 0.06640625 0.11328125
2 0.146484375 0.9296875 0.08203125 0.1328125
1 0.861328125 0.716796875 0.10546875 0.04296875
1 0.205078125 0.431640625 0.05859375 0.11328125
2 0.73046875 0.87109375 0.5234375 0.234375
2 0.1796875 0.7109375 0.1875 0.296875