2 0.794921875 0.435546875 0.35546875 0.27734375
2 0.419921875 0.595703125 0.24609375 0.12109375
2 0.154296875 0.533203125 0.16796875 0.12890625
2 0.271484375 0.173828125 0.19140625 0.09765625
1 0.822265625 0.046875 0.14453125 0.0390625
0 0.345703125 0.90234375 0.08203125 0.0703125
0 0.529296875 0.9453125 0.11328125 0.0703125
1 0.556640625 0.962890625 0.11328125 0.06640625
1 0.7109375 0.869140625 0.140625 0.04296875
1 0.71875 0.841796875 0.140625 0.05078125
2 0.916015625 0.853515625 0.16015625 0.08203125
2 0.498046875 0.119140625 0.26171875 0.20703125
1 0.185546875 0.806640625 0.08984375 0.17578125
2 0.23046875 0.658203125 0.3671875 0.12109375