2 0.564453125 0.794921875 0.27734375 0.35546875
2 0.404296875 0.419921875 0.12109375 0.24609375
2 0.466796875 0.154296875 0.12890625 0.16796875
2 0.826171875 0.271484375 0.09765625 0.19140625
1 0.953125 0.822265625 0.0390625 0.14453125
0 0.09765625 0.345703125 0.0703125 0.08203125
0 0.0546875 0.529296875 0.0703125 0.11328125
1 0.037109375 0.556640625 0.06640625 0.11328125
1 0.130859375 0.7109375 0.04296875 0.140625
1 0.158203125 0.71875 0.05078125 0.140625
2 0.146484375 0.916015625 0.08203125 0.16015625
2 0.880859375 0.498046875 0.20703125 0.26171875
1 0.193359375 0.185546875 0.17578125 0.08984375
2 0.341796875 0.23046875 0.12109375 0.3671875