2 0.205078125 0.564453125 0.35546875 0.27734375
2 0.619140625 0.404296875 0.16796875 0.12109375
2 0.67578125 0.826171875 0.296875 0.09765625
1 0.177734375 0.953125 0.14453125 0.0390625
1 0.6875 0.2890625 0.0703125 0.0546875
0 0.685546875 0.302734375 0.07421875 0.03515625
0 0.654296875 0.09765625 0.08203125 0.0703125
0 0.470703125 0.0546875 0.11328125 0.0703125
1 0.443359375 0.037109375 0.11328125 0.06640625
1 0.2890625 0.130859375 0.140625 0.04296875
1 0.28125 0.158203125 0.140625 0.05078125
2 0.083984375 0.146484375 0.16015625 0.08203125
1 0.791015625 0.27734375 0.04296875 0.140625
1 0.759765625 0.43359375 0.05078125 0.1328125
2 0.361328125 0.470703125 0.34765625 0.28515625
2 0.84375 0.5234375 0.234375 0.5234375