2 0.416015625 0.404296875 0.23828125 0.12109375
2 0.154296875 0.462890625 0.16796875 0.13671875
2 0.32421875 0.826171875 0.296875 0.09765625
1 0.822265625 0.953125 0.14453125 0.0390625
1 0.275390625 0.2890625 0.14453125 0.0546875
0 0.310546875 0.302734375 0.08203125 0.03515625
0 0.23828125 0.328125 0.0859375 0.0390625
0 0.345703125 0.09765625 0.08203125 0.0703125
0 0.529296875 0.0546875 0.11328125 0.0703125
1 0.556640625 0.037109375 0.11328125 0.06640625
1 0.7109375 0.130859375 0.140625 0.04296875
1 0.69140625 0.158203125 0.0859375 0.05078125
2 0.8515625 0.39453125 0.234375 0.5234375
2 0.63671875 0.419921875 0.203125 0.32421875