2 0.564453125 0.794921875 0.27734375 0.35546875
2 0.404296875 0.384765625 0.12109375 0.17578125
2 0.462890625 0.154296875 0.13671875 0.16796875
1 0.953125 0.822265625 0.0390625 0.14453125
1 0.2890625 0.275390625 0.0546875 0.14453125
0 0.302734375 0.310546875 0.03515625 0.08203125
0 0.328125 0.23828125 0.0390625 0.0859375
0 0.09765625 0.345703125 0.0703125 0.08203125
0 0.0546875 0.529296875 0.0703125 0.11328125
1 0.037109375 0.556640625 0.06640625 0.11328125
1 0.130859375 0.7109375 0.04296875 0.140625
1 0.158203125 0.71875 0.05078125 0.140625
2 0.146484375 0.916015625 0.08203125 0.16015625
2 0.744140625 0.279296875 0.31640625 0.38671875
1 0.47265625 0.51953125 0.453125 0.09375
1 0.646484375 0.275390625 0.08203125 0.15234375
1 0.13671875 0.865234375 0.125 0.05078125