2 0.564453125 0.794921875 0.27734375 0.35546875
2 0.404296875 0.419921875 0.12109375 0.24609375
2 0.462890625 0.154296875 0.13671875 0.16796875
2 0.826171875 0.32421875 0.09765625 0.296875
1 0.953125 0.822265625 0.0390625 0.14453125
0 0.09765625 0.345703125 0.0703125 0.08203125
0 0.0546875 0.529296875 0.0703125 0.11328125
1 0.037109375 0.556640625 0.06640625 0.11328125
1 0.130859375 0.7109375 0.04296875 0.140625
1 0.14453125 0.71875 0.0234375 0.140625
2 0.146484375 0.916015625 0.08203125 0.16015625
2 0.294921875 0.26171875 0.10546875 0.3125
2 0.640625 0.57421875 0.234375 0.5234375
2 0.275390625 0.732421875 0.23046875 0.20703125