2 0.205078125 0.435546875 0.35546875 0.27734375
2 0.619140625 0.595703125 0.16796875 0.12109375
2 0.67578125 0.173828125 0.296875 0.09765625
1 0.177734375 0.046875 0.14453125 0.0390625
1 0.6875 0.7109375 0.0703125 0.0546875
0 0.685546875 0.697265625 0.07421875 0.03515625
0 0.654296875 0.90234375 0.08203125 0.0703125
0 0.470703125 0.9453125 0.11328125 0.0703125
1 0.443359375 0.962890625 0.11328125 0.06640625
1 0.2890625 0.869140625 0.140625 0.04296875
1 0.28125 0.841796875 0.140625 0.05078125
2 0.083984375 0.853515625 0.16015625 0.08203125
1 0.791015625 0.72265625 0.04296875 0.140625
1 0.759765625 0.56640625 0.05078125 0.1328125
2 0.361328125 0.529296875 0.34765625 0.28515625
2 0.84375 0.4765625 0.234375 0.5234375