2 0.794921875 0.564453125 0.35546875 0.27734375
2 0.419921875 0.404296875 0.24609375 0.12109375
2 0.32421875 0.826171875 0.296875 0.09765625
1 0.822265625 0.953125 0.14453125 0.0390625
1 0.3046875 0.2890625 0.0859375 0.0546875
0 0.310546875 0.302734375 0.08203125 0.03515625
0 0.345703125 0.09765625 0.08203125 0.0703125
0 0.529296875 0.0546875 0.11328125 0.0703125
1 0.556640625 0.037109375 0.11328125 0.06640625
1 0.7109375 0.130859375 0.140625 0.04296875
1 0.71875 0.158203125 0.140625 0.05078125
2 0.916015625 0.146484375 0.16015625 0.08203125
2 0.380859375 0.73828125 0.18359375 0.203125
1 0.03515625 0.173828125 0.0390625 0.14453125
2 0.140625 0.4375 0.234375 0.5234375
2 0.505859375 0.634765625 0.12890625 0.16796875