2 0.205078125 0.435546875 0.35546875 0.27734375
2 0.580078125 0.595703125 0.24609375 0.12109375
2 0.845703125 0.537109375 0.16796875 0.13671875
2 0.67578125 0.173828125 0.296875 0.09765625
1 0.177734375 0.046875 0.14453125 0.0390625
0 0.76171875 0.671875 0.0859375 0.0390625
0 0.654296875 0.90234375 0.08203125 0.0703125
0 0.470703125 0.9453125 0.11328125 0.0703125
1 0.443359375 0.962890625 0.11328125 0.06640625
1 0.2890625 0.869140625 0.140625 0.04296875
1 0.28125 0.841796875 0.140625 0.05078125
2 0.083984375 0.853515625 0.16015625 0.08203125
1 0.1875 0.505859375 0.140625 0.05859375
1 0.55859375 0.798828125 0.1796875 0.05859375
2 0.69140625 0.755859375 0.1953125 0.16015625