2 0.205078125 0.564453125 0.35546875 0.27734375
2 0.548828125 0.404296875 0.18359375 0.12109375
2 0.845703125 0.462890625 0.16796875 0.13671875
2 0.67578125 0.826171875 0.296875 0.09765625
1 0.177734375 0.953125 0.14453125 0.0390625
0 0.654296875 0.09765625 0.08203125 0.0703125
0 0.470703125 0.0546875 0.11328125 0.0703125
1 0.443359375 0.037109375 0.11328125 0.06640625
1 0.2890625 0.130859375 0.140625 0.04296875
1 0.28125 0.158203125 0.140625 0.05078125
2 0.083984375 0.146484375 0.16015625 0.08203125
2 0.734375 0.369140625 0.1796875 0.31640625
2 0.427734375 0.75 0.08203125 0.2421875
2 0.193359375 0.2578125 0.28515625 0.140625