2 0.419921875 0.595703125 0.24609375 0.12109375
2 0.154296875 0.537109375 0.16796875 0.13671875
2 0.32421875 0.173828125 0.296875 0.09765625
1 0.275390625 0.7109375 0.14453125 0.0546875
0 0.310546875 0.697265625 0.08203125 0.03515625
0 0.23828125 0.671875 0.0859375 0.0390625
0 0.345703125 0.90234375 0.08203125 0.0703125
0 0.529296875 0.9453125 0.11328125 0.0703125
1 0.556640625 0.962890625 0.11328125 0.06640625
2 0.9296875 0.853515625 0.1328125 0.08203125
1 0.716796875 0.138671875 0.04296875 0.10546875
1 0.431640625 0.794921875 0.11328125 0.05859375
2 0.87109375 0.26953125 0.234375 0.5234375
2 0.7109375 0.8203125 0.296875 0.1875