2 0.564453125 0.794921875 0.27734375 0.35546875
2 0.404296875 0.380859375 0.12109375 0.16796875
2 0.826171875 0.32421875 0.09765625 0.296875
1 0.953125 0.822265625 0.0390625 0.14453125
1 0.2890625 0.3125 0.0546875 0.0703125
0 0.302734375 0.314453125 0.03515625 0.07421875
0 0.09765625 0.345703125 0.0703125 0.08203125
0 0.0546875 0.529296875 0.0703125 0.11328125
1 0.037109375 0.556640625 0.06640625 0.11328125
1 0.130859375 0.7109375 0.04296875 0.140625
1 0.158203125 0.71875 0.05078125 0.140625
2 0.146484375 0.916015625 0.08203125 0.16015625
1 0.27734375 0.208984375 0.140625 0.04296875
1 0.43359375 0.240234375 0.1328125 0.05078125
2 0.470703125 0.638671875 0.28515625 0.34765625
2 0.5234375 0.15625 0.5234375 0.234375