2 0.205078125 0.564453125 0.35546875 0.27734375
2 0.580078125 0.404296875 0.24609375 0.12109375
2 0.845703125 0.462890625 0.16796875 0.13671875
2 0.677734375 0.826171875 0.29296875 0.09765625
1 0.724609375 0.2890625 0.14453125 0.0546875
0 0.689453125 0.302734375 0.08203125 0.03515625
0 0.76171875 0.328125 0.0859375 0.0390625
0 0.654296875 0.09765625 0.08203125 0.0703125
0 0.470703125 0.0546875 0.11328125 0.0703125
1 0.443359375 0.037109375 0.11328125 0.06640625
1 0.2890625 0.130859375 0.140625 0.04296875
1 0.28125 0.158203125 0.140625 0.05078125
2 0.083984375 0.146484375 0.16015625 0.08203125
1 0.251953125 0.3203125 0.05859375 0.1796875
2 0.26953125 0.8828125 0.5234375 0.234375
2 0.619140625 0.638671875 0.30859375 0.19140625