2 0.62109375 0.404296875 0.1640625 0.12109375
2 0.845703125 0.462890625 0.16796875 0.13671875
2 0.67578125 0.826171875 0.296875 0.09765625
1 0.177734375 0.953125 0.14453125 0.0390625
1 0.724609375 0.2890625 0.14453125 0.0546875
0 0.689453125 0.302734375 0.08203125 0.03515625
0 0.76171875 0.328125 0.0859375 0.0390625
0 0.654296875 0.09765625 0.08203125 0.0703125
0 0.470703125 0.0546875 0.11328125 0.0703125
1 0.443359375 0.037109375 0.11328125 0.06640625
1 0.2890625 0.130859375 0.140625 0.04296875
1 0.28125 0.158203125 0.140625 0.05078125
2 0.083984375 0.146484375 0.16015625 0.08203125
2 0.150390625 0.482421875 0.26171875 0.45703125
2 0.572265625 0.59375 0.10546875 0.203125
2 0.4140625 0.40625 0.25 0.15625
2 0.171875 0.337890625 0.078125 0.16796875