2 0.435546875 0.205078125 0.27734375 0.35546875
2 0.595703125 0.580078125 0.12109375 0.24609375
2 0.537109375 0.845703125 0.13671875 0.16796875
1 0.046875 0.177734375 0.0390625 0.14453125
1 0.7109375 0.724609375 0.0546875 0.14453125
0 0.697265625 0.689453125 0.03515625 0.08203125
0 0.671875 0.76171875 0.0390625 0.0859375
0 0.90234375 0.654296875 0.0703125 0.08203125
0 0.9453125 0.470703125 0.0703125 0.11328125
1 0.962890625 0.443359375 0.06640625 0.11328125
1 0.869140625 0.2890625 0.04296875 0.140625
1 0.841796875 0.28125 0.05078125 0.140625
2 0.853515625 0.083984375 0.08203125 0.16015625
2 0.0859375 0.73828125 0.1328125 0.2265625
0 0.361328125 0.2265625 0.05859375 0.09375
2 0.330078125 0.380859375 0.38671875 0.31640625
2 0.1640625 0.609375 0.234375 0.5234375