1 0.0625 0.166015625 0.0703125 0.11328125
0 0.048828125 0.546875 0.08203125 0.0859375
0 0.111328125 0.66796875 0.05078125 0.078125
0 0.12890625 0.720703125 0.09375 0.03515625
0 0.396484375 0.82421875 0.03515625 0.09375
0 0.412109375 0.564453125 0.06640625 0.08984375
0 0.4296875 0.5859375 0.0546875 0.0859375
0 0.75390625 0.91796875 0.046875 0.078125
0 0.681640625 0.84375 0.04296875 0.109375
1 0.244140625 0.837890625 0.05859375 0.10546875
1 0.369140625 0.791015625 0.05078125 0.18359375
1 0.423828125 0.841796875 0.04296875 0.12109375