2 0.861328125 0.435546875 0.26953125 0.20703125
0 0.6796875 0.625 0.09375 0.0703125
0 0.154296875 0.111328125 0.11328125 0.09765625
0 0.109375 0.220703125 0.0859375 0.07421875
0 0.166015625 0.224609375 0.10546875 0.07421875
0 0.302734375 0.30078125 0.14453125 0.109375
1 0.287109375 0.318359375 0.17578125 0.13671875
1 0.29296875 0.48828125 0.140625 0.078125
1 0.2890625 0.517578125 0.125 0.07421875
1 0.041015625 0.38671875 0.08203125 0.1484375
0 0.11328125 0.966796875 0.109375 0.06640625
1 0.21484375 0.8828125 0.171875 0.0859375
1 0.390625 0.76171875 0.140625 0.0859375
0 0.3828125 0.73046875 0.125 0.078125
1 0.71875 0.63671875 0.09375 0.078125
1 0.1875 0.1015625 0.125 0.09375