2 0.916015625 0.802734375 0.12890625 0.23828125
0 0.93359375 0.31640625 0.0625 0.078125
0 0.54296875 0.24609375 0.0859375 0.078125
0 0.677734375 0.7109375 0.05078125 0.109375
0 0.580078125 0.576171875 0.04296875 0.08203125
0 0.283203125 0.806640625 0.05078125 0.09765625
0 0.12890625 0.703125 0.0859375 0.0390625
0 0.3203125 0.390625 0.0625 0.0859375
0 0.23046875 0.111328125 0.0546875 0.08984375
1 0.17578125 0.673828125 0.1484375 0.05078125
1 0.072265625 0.5703125 0.05859375 0.140625
1 0.5703125 0.935546875 0.0703125 0.12109375