2 0.212890625 0.568359375 0.34765625 0.26953125
0 0.080078125 0.125 0.10546875 0.0625
0 0.091796875 0.158203125 0.12109375 0.05859375
0 0.279296875 0.125 0.10546875 0.046875
0 0.29296875 0.15625 0.109375 0.046875
0 0.435546875 0.0390625 0.08984375 0.0625
0 0.478515625 0.048828125 0.08984375 0.05859375
0 0.642578125 0.0625 0.07421875 0.1171875
0 0.7265625 0.287109375 0.109375 0.05859375
0 0.865234375 0.513671875 0.10546875 0.04296875
0 0.875 0.482421875 0.1015625 0.03515625
1 0.822265625 0.4296875 0.12890625 0.09375
1 0.62890625 0.4296875 0.1484375 0.0625
1 0.732421875 0.31640625 0.12109375 0.0625
0 0.556640625 0.380859375 0.11328125 0.06640625
0 0.515625 0.390625 0.109375 0.078125
0 0.5859375 0.787109375 0.109375 0.04296875
0 0.626953125 0.82421875 0.10546875 0.046875
0 0.75390625 0.814453125 0.1015625 0.05078125
1 0.748046875 0.84765625 0.12890625 0.0546875
1 0.16015625 0.978515625 0.203125 0.04296875
0 0.171875 0.953125 0.109375 0.0390625