2 0.42578125 0.21484375 0.1484375 0.15625
2 0.244140625 0.14453125 0.48046875 0.28125
2 0.498046875 0.4921875 0.16796875 0.171875
2 0.869140625 0.640625 0.24609375 0.21875
1 0.9375 0.125 0.0546875 0.15625
0 0.912109375 0.146484375 0.04296875 0.14453125
0 0.53515625 0.765625 0.0546875 0.125
0 0.515625 0.712890625 0.046875 0.11328125
0 0.57421875 0.2890625 0.046875 0.125
1 0.5390625 0.32421875 0.046875 0.1484375
1 0.501953125 0.8984375 0.09765625 0.1875
1 0.484375 0.91796875 0.0859375 0.1484375
1 0.326171875 0.759765625 0.05078125 0.17578125
1 0.298828125 0.751953125 0.05078125 0.16796875