2 0.56640625 0.79296875 0.28125 0.359375
2 0.40625 0.41796875 0.125 0.25
2 0.46484375 0.15234375 0.140625 0.171875
2 0.828125 0.322265625 0.1015625 0.30078125
1 0.955078125 0.8203125 0.04296875 0.1484375
1 0.291015625 0.2734375 0.05859375 0.1484375
0 0.3046875 0.30859375 0.0390625 0.0859375
0 0.330078125 0.236328125 0.04296875 0.08984375
0 0.099609375 0.34375 0.07421875 0.0859375
0 0.056640625 0.52734375 0.07421875 0.1171875
1 0.0390625 0.5546875 0.0703125 0.1171875
1 0.1328125 0.708984375 0.046875 0.14453125
1 0.16015625 0.716796875 0.0546875 0.14453125
2 0.1484375 0.9140625 0.0859375 0.1640625