2 0.431640625 0.212890625 0.26953125 0.34765625
0 0.875 0.080078125 0.0625 0.10546875
0 0.841796875 0.091796875 0.05859375 0.12109375
0 0.875 0.279296875 0.046875 0.10546875
0 0.84375 0.29296875 0.046875 0.109375
0 0.9609375 0.435546875 0.0625 0.08984375
0 0.951171875 0.478515625 0.05859375 0.08984375
0 0.9375 0.642578125 0.1171875 0.07421875
0 0.712890625 0.7265625 0.05859375 0.109375
0 0.486328125 0.865234375 0.04296875 0.10546875
0 0.517578125 0.875 0.03515625 0.1015625
1 0.5703125 0.822265625 0.09375 0.12890625
1 0.5703125 0.62890625 0.0625 0.1484375
1 0.68359375 0.732421875 0.0625 0.12109375
0 0.619140625 0.556640625 0.06640625 0.11328125
0 0.609375 0.515625 0.078125 0.109375
0 0.212890625 0.5859375 0.04296875 0.109375
0 0.17578125 0.626953125 0.046875 0.10546875
0 0.185546875 0.75390625 0.05078125 0.1015625
1 0.15234375 0.748046875 0.0546875 0.12890625
1 0.021484375 0.16015625 0.04296875 0.203125
0 0.046875 0.171875 0.0390625 0.109375