2 0.431640625 0.453125 0.22265625 0.15625
2 0.806640625 0.326171875 0.17578125 0.33203125
2 0.91796875 0.640625 0.1640625 0.2734375
1 0.646484375 0.193359375 0.10546875 0.13671875
1 0.66796875 0.2109375 0.1171875 0.140625
1 0.025390625 0.84375 0.04296875 0.1640625
1 0.048828125 0.833984375 0.04296875 0.13671875
2 0.20703125 0.9140625 0.2421875 0.1640625
0 0.470703125 0.8828125 0.06640625 0.1171875
0 0.5078125 0.873046875 0.0703125 0.10546875
1 0.181640625 0.0546875 0.06640625 0.09375
1 0.2109375 0.0625 0.078125 0.109375