2 0.3515625 0.48046875 0.234375 0.3515625
2 0.779296875 0.728515625 0.11328125 0.16015625
0 0.84765625 0.94140625 0.0546875 0.078125
0 0.80859375 0.921875 0.0546875 0.078125
0 0.822265625 0.58984375 0.09765625 0.0859375
0 0.7109375 0.494140625 0.0859375 0.08984375
0 0.791015625 0.326171875 0.07421875 0.09765625
0 0.7890625 0.27734375 0.078125 0.09375
0 0.5 0.53125 0.046875 0.078125
0 0.49609375 0.462890625 0.0625 0.07421875
0 0.21484375 0.89453125 0.0859375 0.1015625
0 0.078125 0.859375 0.0546875 0.1015625
0 0.060546875 0.92578125 0.04296875 0.109375
1 0.19921875 0.873046875 0.09375 0.12109375
1 0.0390625 0.900390625 0.046875 0.14453125
1 0.8671875 0.416015625 0.109375 0.13671875
1 0.849609375 0.39453125 0.11328125 0.140625