0 0.146484375 0.1328125 0.06640625 0.09375
0 0.14453125 0.07421875 0.0703125 0.0859375
0 0.1953125 0.576171875 0.0859375 0.09765625
0 0.310546875 0.5390625 0.06640625 0.1015625
0 0.359375 0.521484375 0.0703125 0.08984375
0 0.44921875 0.24609375 0.0546875 0.125
1 0.220703125 0.5703125 0.09765625 0.1015625
1 0.48828125 0.220703125 0.0625 0.13671875
1 0.83984375 0.41015625 0.0703125 0.1015625
0 0.84765625 0.3671875 0.0703125 0.0859375
1 0.736328125 0.951171875 0.05859375 0.08984375
1 0.771484375 0.9453125 0.05859375 0.1015625