0 0.82421875 0.91796875 0.109375 0.046875
0 0.796875 0.888671875 0.1015625 0.03515625
0 0.45703125 0.935546875 0.078125 0.06640625
0 0.396484375 0.88671875 0.05859375 0.0703125
1 0.3203125 0.859375 0.109375 0.0859375
1 0.251953125 0.833984375 0.04296875 0.13671875
0 0.193359375 0.951171875 0.08984375 0.05859375
0 0.126953125 0.732421875 0.08984375 0.04296875
0 0.15234375 0.70703125 0.09375 0.0390625
0 0.4140625 0.55078125 0.140625 0.078125
1 0.3984375 0.529296875 0.1328125 0.07421875
0 0.154296875 0.28515625 0.08984375 0.046875
0 0.078125 0.255859375 0.0703125 0.07421875
0 0.07421875 0.22265625 0.109375 0.0859375
2 0.169921875 0.568359375 0.23828125 0.13671875