0 0.05859375 0.90625 0.0703125 0.0859375
0 0.115234375 0.435546875 0.05078125 0.08203125
0 0.1328125 0.396484375 0.046875 0.08203125
0 0.15625 0.384765625 0.0546875 0.11328125
0 0.53515625 0.232421875 0.046875 0.09765625
0 0.578125 0.201171875 0.0625 0.08203125
0 0.75 0.5703125 0.1015625 0.0703125
0 0.80078125 0.91796875 0.0390625 0.078125
1 0.04296875 0.8515625 0.078125 0.1875
1 0.83203125 0.375 0.0546875 0.1640625
1 0.279296875 0.666015625 0.05078125 0.13671875
1 0.865234375 0.3671875 0.05859375 0.15625