0 0.75 0.0546875 0.0390625 0.0859375
0 0.716796875 0.123046875 0.04296875 0.08984375
0 0.666015625 0.283203125 0.06640625 0.08984375
0 0.685546875 0.35546875 0.07421875 0.0859375
1 0.896484375 0.501953125 0.12890625 0.09765625
1 0.875 0.484375 0.140625 0.109375
1 0.62109375 0.578125 0.0859375 0.109375
1 0.609375 0.609375 0.0859375 0.1171875
0 0.52734375 0.419921875 0.0625 0.12109375
0 0.509765625 0.376953125 0.05078125 0.12890625
0 0.05859375 0.15625 0.0703125 0.1484375
1 0.037109375 0.13671875 0.06640625 0.1484375