0 0.689453125 0.958984375 0.05078125 0.07421875
1 0.736328125 0.908203125 0.11328125 0.06640625
1 0.333984375 0.951171875 0.12109375 0.04296875
1 0.171875 0.44140625 0.1328125 0.0703125
1 0.47265625 0.498046875 0.125 0.08203125
0 0.427734375 0.873046875 0.08203125 0.04296875
0 0.369140625 0.89453125 0.06640625 0.0703125
0 0.28125 0.974609375 0.09375 0.04296875
0 0.376953125 0.978515625 0.10546875 0.03515625
0 0.041015625 0.4609375 0.05078125 0.09375
0 0.853515625 0.53515625 0.16015625 0.0546875
0 0.896484375 0.759765625 0.10546875 0.05078125
0 0.916015625 0.220703125 0.08203125 0.04296875