1 0.861328125 0.408203125 0.12890625 0.07421875
1 0.583984375 0.708984375 0.13671875 0.06640625
1 0.546875 0.033203125 0.1328125 0.05859375
1 0.064453125 0.451171875 0.12109375 0.06640625
1 0.169921875 0.76171875 0.08203125 0.1328125
1 0.12890625 0.931640625 0.1015625 0.08984375
1 0.486328125 0.1953125 0.12109375 0.078125
0 0.408203125 0.060546875 0.09765625 0.05859375
0 0.328125 0.05078125 0.0859375 0.046875
0 0.25 0.23828125 0.1015625 0.0390625
0 0.19140625 0.361328125 0.1015625 0.04296875
0 0.392578125 0.48828125 0.09765625 0.0703125
0 0.37890625 0.58984375 0.09375 0.046875
0 0.23828125 0.619140625 0.1015625 0.06640625
0 0.869140625 0.896484375 0.10546875 0.07421875
0 0.494140625 0.16796875 0.10546875 0.078125