2 0.63671875 0.9296875 0.21875 0.1328125
2 0.22265625 0.875 0.28125 0.171875
0 0.3203125 0.09375 0.0390625 0.125
0 0.189453125 0.251953125 0.07421875 0.05859375
0 0.251953125 0.25 0.08203125 0.046875
0 0.0546875 0.53515625 0.078125 0.0703125
0 0.09765625 0.533203125 0.1015625 0.08203125
0 0.283203125 0.638671875 0.08203125 0.05078125
0 0.357421875 0.646484375 0.08203125 0.04296875
0 0.443359375 0.54296875 0.13671875 0.046875
1 0.62890625 0.28515625 0.109375 0.0703125
1 0.7734375 0.505859375 0.1328125 0.12890625
1 0.90625 0.193359375 0.1484375 0.07421875
1 0.353515625 0.1171875 0.05078125 0.234375
1 0.41796875 0.033203125 0.1171875 0.06640625
0 0.46875 0.04296875 0.109375 0.0703125