1 0.87109375 0.966796875 0.171875 0.05859375
1 0.4921875 0.8984375 0.140625 0.046875
1 0.056640625 0.791015625 0.11328125 0.08203125
1 0.236328125 0.646484375 0.09765625 0.11328125
1 0.154296875 0.490234375 0.14453125 0.05859375
1 0.490234375 0.474609375 0.16796875 0.04296875
1 0.931640625 0.2421875 0.12890625 0.0703125
0 0.30859375 0.041015625 0.125 0.06640625
0 0.125 0.03125 0.1015625 0.046875
0 0.193359375 0.021484375 0.09765625 0.04296875
0 0.763671875 0.46484375 0.08203125 0.0703125
0 0.798828125 0.455078125 0.08984375 0.07421875
0 0.462890625 0.919921875 0.12890625 0.05078125
0 0.201171875 0.6484375 0.08984375 0.1015625
0 0.625 0.578125 0.0859375 0.0390625
0 0.685546875 0.595703125 0.08203125 0.04296875
1 0.046875 0.369140625 0.09375 0.08984375