0 0.716796875 0.134765625 0.06640625 0.05078125
0 0.66015625 0.103515625 0.0546875 0.06640625
0 0.22265625 0.19140625 0.09375 0.0390625
0 0.18359375 0.21875 0.0859375 0.0390625
0 0.041015625 0.724609375 0.04296875 0.08203125
0 0.037109375 0.654296875 0.05078125 0.07421875
0 0.07421875 0.8515625 0.109375 0.140625
0 0.9453125 0.4609375 0.0703125 0.0390625
0 0.67578125 0.361328125 0.1015625 0.05078125
0 0.83203125 0.50390625 0.1015625 0.046875
0 0.876953125 0.53515625 0.10546875 0.03125
0 0.748046875 0.701171875 0.06640625 0.11328125
1 0.642578125 0.3828125 0.14453125 0.0625
1 0.310546875 0.291015625 0.15234375 0.10546875
1 0.208984375 0.759765625 0.14453125 0.06640625