0 0.083984375 0.908203125 0.09765625 0.07421875
0 0.09375 0.810546875 0.046875 0.08984375
0 0.119140625 0.798828125 0.04296875 0.08984375
0 0.142578125 0.556640625 0.06640625 0.07421875
0 0.5703125 0.578125 0.0625 0.0703125
0 0.5546875 0.603515625 0.0546875 0.06640625
0 0.595703125 0.654296875 0.04296875 0.07421875
1 0.8203125 0.3828125 0.078125 0.109375
1 0.44921875 0.10546875 0.0625 0.125
0 0.4765625 0.09375 0.0390625 0.078125
0 0.298828125 0.15625 0.08984375 0.0546875
2 0.708984375 0.248046875 0.23046875 0.12890625