0 0.845703125 0.982421875 0.12890625 0.02734375
0 0.900390625 0.955078125 0.13671875 0.04296875
0 0.673828125 0.591796875 0.10546875 0.05078125
0 0.638671875 0.572265625 0.11328125 0.04296875
0 0.080078125 0.787109375 0.05859375 0.08203125
0 0.037109375 0.7890625 0.06640625 0.078125
0 0.048828125 0.359375 0.08203125 0.078125
0 0.927734375 0.23828125 0.10546875 0.0703125
2 0.216796875 0.642578125 0.13671875 0.14453125
1 0.158203125 0.484375 0.18359375 0.0625
1 0.47265625 0.91796875 0.1796875 0.0546875
1 0.478515625 0.892578125 0.18359375 0.05859375
1 0.775390625 0.46484375 0.12109375 0.0859375
1 0.791015625 0.4453125 0.11328125 0.0859375
1 0.490234375 0.466796875 0.22265625 0.05078125
1 0.138671875 0.033203125 0.12890625 0.05859375
1 0.189453125 0.021484375 0.12109375 0.04296875
1 0.2890625 0.037109375 0.171875 0.07421875