1 0.580078125 0.873046875 0.12109375 0.09765625
1 0.60546875 0.85546875 0.1171875 0.09375
1 0.060546875 0.837890625 0.09765625 0.08984375
1 0.4921875 0.50390625 0.1328125 0.046875
1 0.41015625 0.283203125 0.1171875 0.06640625
1 0.544921875 0.333984375 0.14453125 0.06640625
1 0.6171875 0.376953125 0.1484375 0.04296875
0 0.611328125 0.4296875 0.07421875 0.0703125
0 0.728515625 0.802734375 0.08203125 0.06640625
0 0.662109375 0.787109375 0.08203125 0.06640625
0 0.501953125 0.71484375 0.07421875 0.078125
0 0.408203125 0.833984375 0.07421875 0.08984375
0 0.099609375 0.21875 0.08984375 0.0703125
0 0.126953125 0.205078125 0.09765625 0.08203125
0 0.060546875 0.06640625 0.08984375 0.046875
0 0.142578125 0.08203125 0.08984375 0.046875
0 0.09375 0.046875 0.1171875 0.0546875
2 0.265625 0.783203125 0.140625 0.10546875