0 0.4296875 0.8828125 0.109375 0.046875
0 0.41015625 0.865234375 0.1015625 0.04296875
1 0.392578125 0.84375 0.14453125 0.0625
1 0.572265625 0.251953125 0.08203125 0.12890625
1 0.908203125 0.9453125 0.12109375 0.0703125
0 0.798828125 0.9375 0.10546875 0.046875
0 0.931640625 0.193359375 0.09765625 0.04296875
0 0.94921875 0.220703125 0.09375 0.03515625
2 0.380859375 0.15234375 0.23046875 0.0859375
0 0.224609375 0.455078125 0.11328125 0.06640625
0 0.21875 0.42578125 0.1171875 0.078125
0 0.693359375 0.724609375 0.09765625 0.06640625
0 0.642578125 0.7109375 0.11328125 0.0546875