2 0.40234375 0.080078125 0.1171875 0.15234375
2 0.634765625 0.09375 0.16796875 0.1796875
2 0.74609375 0.796875 0.2734375 0.203125
1 0.09375 0.51953125 0.1171875 0.1328125
1 0.0703125 0.53515625 0.125 0.1484375
1 0.1015625 0.73046875 0.1328125 0.09375
1 0.07421875 0.75 0.125 0.0859375
1 0.46484375 0.33984375 0.0703125 0.171875
1 0.71484375 0.458984375 0.0546875 0.16015625
1 0.689453125 0.46875 0.06640625 0.1875
0 0.310546875 0.65234375 0.06640625 0.1171875
0 0.279296875 0.6640625 0.06640625 0.1171875
0 0.529296875 0.505859375 0.08984375 0.16796875
0 0.494140625 0.33984375 0.07421875 0.171875