0 0.83203125 0.080078125 0.09375 0.04296875
0 0.791015625 0.109375 0.08984375 0.0390625
0 0.2578125 0.16015625 0.046875 0.1171875
0 0.3203125 0.140625 0.1015625 0.0625
1 0.423828125 0.0859375 0.12109375 0.1015625
0 0.12109375 0.263671875 0.0703125 0.04296875
0 0.15625 0.291015625 0.0859375 0.03515625
0 0.068359375 0.78515625 0.09765625 0.078125
0 0.41796875 0.4453125 0.1171875 0.0703125
1 0.400390625 0.466796875 0.11328125 0.06640625
1 0.130859375 0.720703125 0.14453125 0.05859375
2 0.169921875 0.419921875 0.23046875 0.12109375