2 0.94921875 0.13671875 0.09375 0.265625
2 0.14453125 0.615234375 0.109375 0.30078125
1 0.884765625 0.576171875 0.05859375 0.16015625
1 0.857421875 0.5859375 0.05078125 0.1484375
1 0.83984375 0.59375 0.078125 0.203125
1 0.720703125 0.322265625 0.06640625 0.14453125
1 0.697265625 0.341796875 0.06640625 0.16015625
1 0.447265625 0.78515625 0.08203125 0.1640625
1 0.421875 0.77734375 0.09375 0.1640625
1 0.21875 0.0703125 0.0390625 0.1328125
0 0.1875 0.064453125 0.0390625 0.12109375
0 0.263671875 0.427734375 0.08203125 0.08984375
0 0.2265625 0.4296875 0.078125 0.09375