2 0.203125 0.759765625 0.1640625 0.24609375
2 0.9140625 0.669921875 0.1640625 0.11328125
2 0.9296875 0.41015625 0.1328125 0.1015625
0 0.658203125 0.501953125 0.12890625 0.06640625
0 0.533203125 0.71484375 0.12109375 0.046875
0 0.36328125 0.32421875 0.0859375 0.0546875
0 0.318359375 0.27734375 0.08984375 0.0625
0 0.255859375 0.126953125 0.08203125 0.09765625
0 0.26171875 0.060546875 0.0703125 0.08203125
0 0.451171875 0.080078125 0.11328125 0.09765625
0 0.462890625 0.10546875 0.09765625 0.09375
1 0.666015625 0.46875 0.12109375 0.0625
1 0.48828125 0.5390625 0.125 0.0703125
1 0.517578125 0.6953125 0.13671875 0.0546875