0 0.142578125 0.982421875 0.08984375 0.02734375
0 0.19140625 0.962890625 0.078125 0.04296875
0 0.583984375 0.61328125 0.05859375 0.1015625
0 0.53125 0.564453125 0.0703125 0.09765625
0 0.548828125 0.54296875 0.07421875 0.0859375
0 0.798828125 0.37109375 0.07421875 0.0625
0 0.796875 0.33203125 0.078125 0.0625
0 0.412109375 0.1015625 0.06640625 0.0859375
0 0.451171875 0.068359375 0.05859375 0.08984375
0 0.435546875 0.041015625 0.05859375 0.08203125
0 0.119140625 0.5234375 0.08984375 0.09375
2 0.69921875 0.20703125 0.2734375 0.1484375
1 0.078125 0.8671875 0.1328125 0.1015625
1 0.072265625 0.787109375 0.05078125 0.12109375
1 0.09765625 0.771484375 0.046875 0.12890625
1 0.287109375 0.126953125 0.12890625 0.06640625