0 0.86328125 0.943359375 0.125 0.05859375
0 0.3671875 0.978515625 0.0859375 0.03515625
0 0.318359375 0.958984375 0.08984375 0.04296875
0 0.34375 0.833984375 0.0625 0.08984375
0 0.400390625 0.830078125 0.09765625 0.04296875
1 0.328125 0.853515625 0.078125 0.10546875
1 0.087890625 0.51171875 0.15234375 0.046875
1 0.24609375 0.330078125 0.1484375 0.05859375
1 0.513671875 0.482421875 0.13671875 0.04296875
1 0.765625 0.40625 0.125 0.0546875
1 0.896484375 0.30859375 0.08203125 0.140625
1 0.8984375 0.162109375 0.0546875 0.10546875
0 0.84765625 0.177734375 0.0546875 0.08984375
0 0.841796875 0.119140625 0.08984375 0.09765625
0 0.93359375 0.4140625 0.0546875 0.078125
0 0.79296875 0.478515625 0.078125 0.08203125
0 0.689453125 0.572265625 0.09765625 0.07421875
0 0.51171875 0.572265625 0.1015625 0.06640625
0 0.255859375 0.544921875 0.10546875 0.04296875
1 0.94921875 0.431640625 0.078125 0.12109375