0 0.091796875 0.916015625 0.07421875 0.09765625
0 0.189453125 0.90625 0.08984375 0.046875
0 0.201171875 0.880859375 0.08984375 0.04296875
0 0.443359375 0.857421875 0.07421875 0.06640625
0 0.421875 0.4296875 0.0703125 0.0625
0 0.396484375 0.4453125 0.06640625 0.0546875
0 0.345703125 0.404296875 0.07421875 0.04296875
1 0.6171875 0.1796875 0.109375 0.078125
1 0.89453125 0.55078125 0.125 0.0625
0 0.90625 0.5234375 0.078125 0.0390625
0 0.84375 0.701171875 0.0546875 0.08984375
2 0.751953125 0.291015625 0.12890625 0.23046875