2 0.93359375 0.068359375 0.125 0.12890625
2 0.912109375 0.35546875 0.16796875 0.2578125
2 0.865234375 0.76953125 0.19921875 0.3359375
2 0.125 0.58984375 0.25 0.25
0 0.189453125 0.06640625 0.07421875 0.1015625
0 0.275390625 0.38671875 0.08203125 0.078125
0 0.27734375 0.345703125 0.078125 0.07421875
0 0.537109375 0.59375 0.06640625 0.1015625
0 0.533203125 0.517578125 0.05078125 0.11328125
0 0.646484375 0.6640625 0.05078125 0.1171875
0 0.232421875 0.76171875 0.06640625 0.1171875
1 0.248046875 0.791015625 0.06640625 0.11328125
1 0.53515625 0.93359375 0.078125 0.1171875
1 0.51953125 0.91015625 0.109375 0.15625
1 0.625 0.685546875 0.0546875 0.13671875
1 0.51171875 0.224609375 0.0859375 0.13671875
1 0.4765625 0.23046875 0.078125 0.125