2 0.205078125 0.9140625 0.23046875 0.1640625
2 0.806640625 0.310546875 0.18359375 0.28515625
0 0.63671875 0.1953125 0.078125 0.09375
0 0.6640625 0.20703125 0.0859375 0.09375
0 0.017578125 0.84765625 0.02734375 0.1171875
0 0.041015625 0.822265625 0.04296875 0.10546875
0 0.865234375 0.68359375 0.04296875 0.09375
0 0.88671875 0.732421875 0.0390625 0.09765625
1 0.482421875 0.880859375 0.11328125 0.12890625
1 0.390625 0.412109375 0.140625 0.07421875
1 0.435546875 0.4765625 0.13671875 0.09375
1 0.4609375 0.458984375 0.125 0.08984375
1 0.92578125 0.544921875 0.125 0.05078125
1 0.9453125 0.5625 0.109375 0.0625
1 0.900390625 0.591796875 0.12109375 0.06640625