2 0.78515625 0.42578125 0.15625 0.1484375
2 0.85546875 0.244140625 0.28125 0.48046875
2 0.5078125 0.498046875 0.171875 0.16796875
2 0.359375 0.869140625 0.21875 0.24609375
1 0.875 0.9375 0.15625 0.0546875
0 0.853515625 0.912109375 0.14453125 0.04296875
0 0.234375 0.53515625 0.125 0.0546875
0 0.287109375 0.515625 0.11328125 0.046875
0 0.7109375 0.57421875 0.125 0.046875
1 0.67578125 0.5390625 0.1484375 0.046875
1 0.1015625 0.501953125 0.1875 0.09765625
1 0.08203125 0.484375 0.1484375 0.0859375
1 0.240234375 0.326171875 0.17578125 0.05078125
1 0.248046875 0.298828125 0.16796875 0.05078125