1 0.298828125 0.880859375 0.10546875 0.12109375
1 0.3203125 0.869140625 0.09375 0.11328125
1 0.775390625 0.796875 0.16796875 0.046875
1 0.787109375 0.76953125 0.17578125 0.0390625
1 0.6875 0.712890625 0.171875 0.06640625
1 0.693359375 0.6796875 0.16015625 0.0703125
2 0.857421875 0.271484375 0.27734375 0.40234375
0 0.375 0.642578125 0.1171875 0.03515625
1 0.349609375 0.6171875 0.22265625 0.0390625
1 0.326171875 0.587890625 0.15234375 0.03515625
1 0.13671875 0.48828125 0.1796875 0.0390625
1 0.134765625 0.458984375 0.17578125 0.04296875
0 0.259765625 0.314453125 0.08984375 0.09765625
0 0.23828125 0.2421875 0.0859375 0.09375