1 0.97265625 0.125 0.046875 0.1328125
1 0.248046875 0.05859375 0.05859375 0.109375
1 0.591796875 0.345703125 0.05078125 0.12109375
1 0.478515625 0.501953125 0.04296875 0.12109375
1 0.03125 0.849609375 0.046875 0.13671875
0 0.921875 0.55078125 0.0546875 0.09375
0 0.908203125 0.4921875 0.03515625 0.1015625
0 0.64453125 0.80859375 0.078125 0.0625
0 0.6640625 0.751953125 0.078125 0.07421875
0 0.798828125 0.94140625 0.06640625 0.0859375
0 0.498046875 0.845703125 0.05078125 0.11328125
0 0.04296875 0.685546875 0.0546875 0.09765625
0 0.458984375 0.240234375 0.05859375 0.06640625
0 0.466796875 0.189453125 0.06640625 0.06640625