0 0.9453125 0.75 0.0859375 0.0390625
0 0.876953125 0.716796875 0.08984375 0.04296875
0 0.716796875 0.666015625 0.08984375 0.06640625
0 0.64453125 0.685546875 0.0859375 0.07421875
1 0.498046875 0.896484375 0.09765625 0.12890625
1 0.515625 0.875 0.109375 0.140625
1 0.421875 0.62109375 0.109375 0.0859375
1 0.390625 0.609375 0.1171875 0.0859375
0 0.580078125 0.52734375 0.12109375 0.0625
0 0.623046875 0.509765625 0.12890625 0.05078125
0 0.84375 0.05859375 0.1484375 0.0703125
1 0.86328125 0.037109375 0.1484375 0.06640625