0 0.283203125 0.865234375 0.06640625 0.05078125
0 0.33984375 0.896484375 0.0546875 0.06640625
0 0.77734375 0.80859375 0.09375 0.0390625
0 0.81640625 0.78125 0.0859375 0.0390625
0 0.958984375 0.275390625 0.04296875 0.08203125
0 0.962890625 0.345703125 0.05078125 0.07421875
0 0.92578125 0.1484375 0.109375 0.140625
0 0.0546875 0.5390625 0.0703125 0.0390625
0 0.32421875 0.638671875 0.1015625 0.05078125
0 0.16796875 0.49609375 0.1015625 0.046875
0 0.123046875 0.46484375 0.10546875 0.03125
0 0.251953125 0.298828125 0.06640625 0.11328125
1 0.357421875 0.6171875 0.14453125 0.0625
1 0.689453125 0.708984375 0.15234375 0.10546875
1 0.791015625 0.240234375 0.14453125 0.06640625