2 0.546875 0.431640625 0.15625 0.22265625
2 0.673828125 0.806640625 0.33203125 0.17578125
2 0.359375 0.91796875 0.2734375 0.1640625
1 0.806640625 0.646484375 0.13671875 0.10546875
1 0.7890625 0.66796875 0.140625 0.1171875
1 0.15625 0.025390625 0.1640625 0.04296875
1 0.166015625 0.048828125 0.13671875 0.04296875
2 0.0859375 0.20703125 0.1640625 0.2421875
0 0.1171875 0.470703125 0.1171875 0.06640625
0 0.126953125 0.5078125 0.10546875 0.0703125
1 0.9453125 0.181640625 0.09375 0.06640625
1 0.9375 0.2109375 0.109375 0.078125