0 0.09375 0.6875 0.125 0.078125
0 0.05859375 0.423828125 0.0859375 0.05078125
0 0.04296875 0.673828125 0.0703125 0.05078125
0 0.099609375 0.666015625 0.05859375 0.05859375
0 0.453125 0.71484375 0.09375 0.0390625
0 0.498046875 0.697265625 0.09765625 0.05859375
2 0.796875 0.76171875 0.15625 0.2421875
0 0.513671875 0.544921875 0.09765625 0.05859375
0 0.357421875 0.505859375 0.08984375 0.05078125
0 0.322265625 0.46484375 0.09765625 0.0390625
0 0.658203125 0.306640625 0.09765625 0.08984375
0 0.541015625 0.115234375 0.08203125 0.06640625
0 0.53515625 0.076171875 0.078125 0.07421875
1 0.650390625 0.015625 0.12890625 0.03125
1 0.74609375 0.107421875 0.0703125 0.14453125