1 0.138671875 0.408203125 0.12890625 0.07421875
1 0.416015625 0.708984375 0.13671875 0.06640625
1 0.453125 0.033203125 0.1328125 0.05859375
1 0.935546875 0.451171875 0.12109375 0.06640625
1 0.830078125 0.76171875 0.08203125 0.1328125
1 0.87109375 0.931640625 0.1015625 0.08984375
1 0.513671875 0.1953125 0.12109375 0.078125
0 0.591796875 0.060546875 0.09765625 0.05859375
0 0.671875 0.05078125 0.0859375 0.046875
0 0.75 0.23828125 0.1015625 0.0390625
0 0.80859375 0.361328125 0.1015625 0.04296875
0 0.607421875 0.48828125 0.09765625 0.0703125
0 0.62109375 0.58984375 0.09375 0.046875
0 0.76171875 0.619140625 0.1015625 0.06640625
0 0.130859375 0.896484375 0.10546875 0.07421875
0 0.505859375 0.16796875 0.10546875 0.078125