0 0.1328125 0.853515625 0.09375 0.06640625
0 0.07421875 0.85546875 0.0859375 0.0703125
0 0.576171875 0.8046875 0.09765625 0.0859375
0 0.5390625 0.689453125 0.1015625 0.06640625
0 0.521484375 0.640625 0.08984375 0.0703125
0 0.24609375 0.55078125 0.125 0.0546875
1 0.5703125 0.779296875 0.1015625 0.09765625
1 0.220703125 0.51171875 0.13671875 0.0625
1 0.41015625 0.16015625 0.1015625 0.0703125
0 0.3671875 0.15234375 0.0859375 0.0703125
1 0.951171875 0.263671875 0.08984375 0.05859375
1 0.9453125 0.228515625 0.1015625 0.05859375