0 0.13671875 0.056640625 0.125 0.05859375
0 0.6328125 0.021484375 0.0859375 0.03515625
0 0.681640625 0.041015625 0.08984375 0.04296875
0 0.65625 0.166015625 0.0625 0.08984375
0 0.599609375 0.169921875 0.09765625 0.04296875
1 0.671875 0.146484375 0.078125 0.10546875
1 0.912109375 0.48828125 0.15234375 0.046875
1 0.75390625 0.669921875 0.1484375 0.05859375
1 0.486328125 0.517578125 0.13671875 0.04296875
1 0.234375 0.59375 0.125 0.0546875
1 0.103515625 0.69140625 0.08203125 0.140625
1 0.1015625 0.837890625 0.0546875 0.10546875
0 0.15234375 0.822265625 0.0546875 0.08984375
0 0.158203125 0.880859375 0.08984375 0.09765625
0 0.06640625 0.5859375 0.0546875 0.078125
0 0.20703125 0.521484375 0.078125 0.08203125
0 0.310546875 0.427734375 0.09765625 0.07421875
0 0.48828125 0.427734375 0.1015625 0.06640625
0 0.744140625 0.455078125 0.10546875 0.04296875
1 0.05078125 0.568359375 0.078125 0.12109375