1 0.091796875 0.154296875 0.14453125 0.16796875
1 0.189453125 0.23828125 0.18359375 0.0546875
1 0.66796875 0.638671875 0.140625 0.05859375
0 0.04296875 0.330078125 0.0546875 0.09765625
0 0.033203125 0.28515625 0.05859375 0.1015625
0 0.21484375 0.8046875 0.1171875 0.0390625
0 0.197265625 0.77734375 0.12109375 0.0390625
0 0.328125 0.724609375 0.125 0.05078125
0 0.29296875 0.681640625 0.1171875 0.05859375
0 0.66796875 0.880859375 0.0703125 0.08984375
0 0.703125 0.876953125 0.0703125 0.08984375
0 0.603515625 0.625 0.08984375 0.0390625
0 0.681640625 0.59765625 0.11328125 0.03125
0 0.953125 0.53515625 0.0859375 0.046875
1 0.849609375 0.4921875 0.12890625 0.046875
1 0.869140625 0.46484375 0.12109375 0.0390625
0 0.744140625 0.29296875 0.08984375 0.1484375