2 0.1484375 0.5625 0.2421875 0.3125
2 0.935546875 0.87109375 0.12890625 0.1640625
2 0.716796875 0.7265625 0.28515625 0.328125
1 0.412109375 0.146484375 0.04296875 0.14453125
1 0.03125 0.466796875 0.0390625 0.15234375
1 0.0625 0.4609375 0.046875 0.1640625
1 0.251953125 0.74609375 0.05078125 0.1953125
1 0.46875 0.927734375 0.109375 0.12890625
1 0.7109375 0.416015625 0.0390625 0.17578125
1 0.7421875 0.40625 0.0390625 0.15625
0 0.458984375 0.947265625 0.09765625 0.09765625
0 0.37109375 0.796875 0.0625 0.109375
0 0.388671875 0.830078125 0.05859375 0.11328125
0 0.48828125 0.611328125 0.046875 0.11328125
0 0.517578125 0.6015625 0.05078125 0.109375
0 0.8984375 0.119140625 0.0390625 0.10546875
0 0.927734375 0.150390625 0.03515625 0.10546875