2 0.76953125 0.802734375 0.234375 0.15234375
0 0.70703125 0.51171875 0.0546875 0.078125
0 0.71875 0.44921875 0.046875 0.078125
0 0.693359375 0.103515625 0.07421875 0.09765625
1 0.677734375 0.068359375 0.05078125 0.11328125
1 0.3984375 0.076171875 0.046875 0.10546875
1 0.115234375 0.748046875 0.12109375 0.05859375
0 0.314453125 0.658203125 0.08203125 0.08203125
0 0.552734375 0.517578125 0.05078125 0.08203125
0 0.509765625 0.369140625 0.05859375 0.07421875
0 0.47265625 0.318359375 0.0390625 0.08984375
0 0.126953125 0.55078125 0.06640625 0.0703125
0 0.078125 0.53515625 0.0625 0.0703125
0 0.017578125 0.646484375 0.03515625 0.10546875