2 0.400390625 0.54296875 0.17578125 0.1484375
0 0.849609375 0.1015625 0.12890625 0.0390625
0 0.203125 0.22265625 0.0703125 0.0703125
0 0.20703125 0.275390625 0.0703125 0.07421875
0 0.5625 0.390625 0.1015625 0.0703125
0 0.615234375 0.40234375 0.10546875 0.0546875
0 0.958984375 0.58203125 0.07421875 0.0546875
1 0.9296875 0.603515625 0.1328125 0.08984375
1 0.83984375 0.296875 0.1484375 0.0390625
1 0.81640625 0.32421875 0.1640625 0.046875
1 0.650390625 0.744140625 0.14453125 0.03515625
1 0.630859375 0.775390625 0.14453125 0.04296875
1 0.744140625 0.884765625 0.11328125 0.07421875
1 0.728515625 0.90625 0.12109375 0.0703125