1 0.419921875 0.873046875 0.12109375 0.09765625
1 0.39453125 0.85546875 0.1171875 0.09375
1 0.939453125 0.837890625 0.09765625 0.08984375
1 0.5078125 0.50390625 0.1328125 0.046875
1 0.58984375 0.283203125 0.1171875 0.06640625
1 0.455078125 0.333984375 0.14453125 0.06640625
1 0.3828125 0.376953125 0.1484375 0.04296875
0 0.388671875 0.4296875 0.07421875 0.0703125
0 0.271484375 0.802734375 0.08203125 0.06640625
0 0.337890625 0.787109375 0.08203125 0.06640625
0 0.498046875 0.71484375 0.07421875 0.078125
0 0.591796875 0.833984375 0.07421875 0.08984375
0 0.900390625 0.21875 0.08984375 0.0703125
0 0.873046875 0.205078125 0.09765625 0.08203125
0 0.939453125 0.06640625 0.08984375 0.046875
0 0.857421875 0.08203125 0.08984375 0.046875
0 0.90625 0.046875 0.1171875 0.0546875
2 0.734375 0.783203125 0.140625 0.10546875