0 0.08203125 0.17578125 0.046875 0.109375
0 0.111328125 0.203125 0.03515625 0.1015625
0 0.064453125 0.54296875 0.06640625 0.078125
0 0.11328125 0.603515625 0.0703125 0.05859375
1 0.140625 0.6796875 0.0859375 0.109375
1 0.166015625 0.748046875 0.13671875 0.04296875
0 0.048828125 0.806640625 0.05859375 0.08984375
0 0.267578125 0.873046875 0.04296875 0.08984375
0 0.29296875 0.84765625 0.0390625 0.09375
0 0.44921875 0.5859375 0.078125 0.140625
1 0.470703125 0.6015625 0.07421875 0.1328125
0 0.71484375 0.845703125 0.046875 0.08984375
0 0.744140625 0.921875 0.07421875 0.0703125
0 0.77734375 0.92578125 0.0859375 0.109375
2 0.431640625 0.830078125 0.13671875 0.23828125