2 0.48046875 0.3515625 0.3515625 0.234375
2 0.728515625 0.779296875 0.16015625 0.11328125
0 0.94140625 0.84765625 0.078125 0.0546875
0 0.921875 0.80859375 0.078125 0.0546875
0 0.58984375 0.822265625 0.0859375 0.09765625
0 0.494140625 0.7109375 0.08984375 0.0859375
0 0.326171875 0.791015625 0.09765625 0.07421875
0 0.27734375 0.7890625 0.09375 0.078125
0 0.53125 0.5 0.078125 0.046875
0 0.462890625 0.49609375 0.07421875 0.0625
0 0.89453125 0.21484375 0.1015625 0.0859375
0 0.859375 0.078125 0.1015625 0.0546875
0 0.92578125 0.060546875 0.109375 0.04296875
1 0.873046875 0.19921875 0.12109375 0.09375
1 0.900390625 0.0390625 0.14453125 0.046875
1 0.416015625 0.8671875 0.13671875 0.109375
1 0.39453125 0.849609375 0.140625 0.11328125