0 0.857421875 0.982421875 0.08984375 0.02734375
0 0.80859375 0.962890625 0.078125 0.04296875
0 0.416015625 0.61328125 0.05859375 0.1015625
0 0.46875 0.564453125 0.0703125 0.09765625
0 0.451171875 0.54296875 0.07421875 0.0859375
0 0.201171875 0.37109375 0.07421875 0.0625
0 0.203125 0.33203125 0.078125 0.0625
0 0.587890625 0.1015625 0.06640625 0.0859375
0 0.548828125 0.068359375 0.05859375 0.08984375
0 0.564453125 0.041015625 0.05859375 0.08203125
0 0.880859375 0.5234375 0.08984375 0.09375
2 0.30078125 0.20703125 0.2734375 0.1484375
1 0.921875 0.8671875 0.1328125 0.1015625
1 0.927734375 0.787109375 0.05078125 0.12109375
1 0.90234375 0.771484375 0.046875 0.12890625
1 0.712890625 0.126953125 0.12890625 0.06640625