1 0.54296875 0.041015625 0.125 0.04296875
1 0.388671875 0.40625 0.16796875 0.1015625
1 0.392578125 0.80078125 0.13671875 0.0859375
2 0.779296875 0.564453125 0.30859375 0.26171875
0 0.931640625 0.12109375 0.08203125 0.0546875
0 0.888671875 0.162109375 0.08984375 0.05859375
0 0.728515625 0.125 0.08203125 0.046875
0 0.69140625 0.158203125 0.0859375 0.04296875
0 0.35546875 0.05859375 0.0625 0.109375
0 0.279296875 0.279296875 0.08984375 0.05078125
0 0.25390625 0.322265625 0.09375 0.05078125
0 0.193359375 0.423828125 0.08984375 0.08203125
0 0.1171875 0.48046875 0.078125 0.0390625
0 0.14453125 0.513671875 0.078125 0.04296875
0 0.234375 0.8125 0.09375 0.0546875
0 0.263671875 0.849609375 0.08984375 0.05078125
0 0.822265625 0.951171875 0.08203125 0.03515625
1 0.822265625 0.982421875 0.15234375 0.03515625
0 0.49609375 0.3828125 0.0859375 0.0625