2 0.197265625 0.76953125 0.15234375 0.234375
0 0.48828125 0.70703125 0.078125 0.0546875
0 0.55078125 0.71875 0.078125 0.046875
0 0.896484375 0.693359375 0.09765625 0.07421875
1 0.931640625 0.677734375 0.11328125 0.05078125
1 0.923828125 0.3984375 0.10546875 0.046875
1 0.251953125 0.115234375 0.05859375 0.12109375
0 0.341796875 0.314453125 0.08203125 0.08203125
0 0.482421875 0.552734375 0.08203125 0.05078125
0 0.630859375 0.509765625 0.07421875 0.05859375
0 0.681640625 0.47265625 0.08984375 0.0390625
0 0.44921875 0.126953125 0.0703125 0.06640625
0 0.46484375 0.078125 0.0703125 0.0625
0 0.353515625 0.017578125 0.10546875 0.03515625