2 0.880859375 0.78125 0.15234375 0.265625
2 0.9375 0.359375 0.1171875 0.1953125
1 0.64453125 0.68359375 0.0546875 0.1484375
1 0.248046875 0.78125 0.05078125 0.125
1 0.5078125 0.2265625 0.109375 0.109375
0 0.533203125 0.953125 0.06640625 0.0703125
0 0.5390625 0.896484375 0.0703125 0.08984375
0 0.54296875 0.556640625 0.046875 0.12109375
0 0.28515625 0.375 0.0703125 0.1015625
0 0.19921875 0.09375 0.0625 0.1171875
0 0.04296875 0.521484375 0.0546875 0.08984375
0 0.041015625 0.59375 0.06640625 0.09375
0 0.09375 0.681640625 0.109375 0.03515625
1 0.123046875 0.650390625 0.20703125 0.05078125