0 0.09375 0.3125 0.125 0.078125
0 0.05859375 0.576171875 0.0859375 0.05078125
0 0.04296875 0.326171875 0.0703125 0.05078125
0 0.099609375 0.333984375 0.05859375 0.05859375
0 0.453125 0.28515625 0.09375 0.0390625
0 0.498046875 0.302734375 0.09765625 0.05859375
2 0.796875 0.23828125 0.15625 0.2421875
0 0.513671875 0.455078125 0.09765625 0.05859375
0 0.357421875 0.494140625 0.08984375 0.05078125
0 0.322265625 0.53515625 0.09765625 0.0390625
0 0.658203125 0.693359375 0.09765625 0.08984375
0 0.541015625 0.884765625 0.08203125 0.06640625
0 0.53515625 0.923828125 0.078125 0.07421875
1 0.650390625 0.984375 0.12890625 0.03125
1 0.74609375 0.892578125 0.0703125 0.14453125