1 0.310546875 0.111328125 0.10546875 0.07421875
0 0.771484375 0.1875 0.07421875 0.0390625
0 0.826171875 0.208984375 0.07421875 0.04296875
1 0.693359375 0.287109375 0.12109375 0.08984375
1 0.9609375 0.693359375 0.046875 0.12890625
1 0.359375 0.376953125 0.1171875 0.05859375
1 0.048828125 0.447265625 0.08984375 0.05078125
0 0.931640625 0.84765625 0.08984375 0.109375
0 0.79296875 0.751953125 0.1171875 0.05859375
0 0.255859375 0.6953125 0.05859375 0.09375
0 0.177734375 0.5 0.08984375 0.0546875
0 0.12109375 0.53125 0.09375 0.0390625
0 0.326171875 0.357421875 0.08203125 0.04296875