0 0.89453125 0.056640625 0.0859375 0.04296875
0 0.833984375 0.076171875 0.08984375 0.04296875
0 0.359375 0.0234375 0.1171875 0.0390625
1 0.341796875 0.05859375 0.12890625 0.0390625
1 0.337890625 0.14453125 0.10546875 0.140625
0 0.35546875 0.1640625 0.09375 0.125
0 0.404296875 0.185546875 0.12890625 0.05859375
0 0.10546875 0.4921875 0.109375 0.0703125
0 0.0625 0.501953125 0.09375 0.06640625
0 0.2265625 0.66796875 0.109375 0.046875
0 0.265625 0.6875 0.109375 0.0390625
0 0.533203125 0.51953125 0.08984375 0.0625
0 0.498046875 0.53515625 0.09765625 0.0625
0 0.76171875 0.59375 0.09375 0.046875
0 0.783203125 0.615234375 0.08984375 0.04296875
2 0.896484375 0.728515625 0.19921875 0.42578125
1 0.78515625 0.53515625 0.109375 0.09375
1 0.697265625 0.435546875 0.14453125 0.08984375
1 0.509765625 0.443359375 0.12890625 0.08203125
1 0.2578125 0.466796875 0.1484375 0.05078125