0 0.046875 0.427734375 0.0390625 0.08984375
0 0.0234375 0.482421875 0.03125 0.08984375
0 0.060546875 0.6015625 0.06640625 0.109375
0 0.064453125 0.666015625 0.06640625 0.10546875
0 0.396484375 0.166015625 0.04296875 0.07421875
0 0.701171875 0.44140625 0.03515625 0.1015625
0 0.73046875 0.396484375 0.0390625 0.08984375
0 0.595703125 0.626953125 0.04296875 0.10546875
0 0.451171875 0.9140625 0.06640625 0.0703125
0 0.2421875 0.751953125 0.0390625 0.12109375
0 0.7421875 0.8515625 0.09375 0.0390625
0 0.791015625 0.818359375 0.08984375 0.05078125
0 0.923828125 0.904296875 0.07421875 0.05859375
0 0.951171875 0.857421875 0.06640625 0.05859375
1 0.91796875 0.857421875 0.1015625 0.11328125
1 0.75 0.8046875 0.125 0.0703125
1 0.625 0.771484375 0.078125 0.12109375
1 0.369140625 0.814453125 0.04296875 0.12109375
1 0.494140625 0.607421875 0.08203125 0.11328125
1 0.90234375 0.134765625 0.0703125 0.12109375
1 0.197265625 0.517578125 0.08984375 0.14453125
1 0.173828125 0.509765625 0.08203125 0.12109375
0 0.46875 0.96875 0.0703125 0.0546875