2 0.861328125 0.564453125 0.26953125 0.20703125
0 0.6796875 0.375 0.09375 0.0703125
0 0.154296875 0.888671875 0.11328125 0.09765625
0 0.109375 0.779296875 0.0859375 0.07421875
0 0.166015625 0.775390625 0.10546875 0.07421875
0 0.302734375 0.69921875 0.14453125 0.109375
1 0.287109375 0.681640625 0.17578125 0.13671875
1 0.29296875 0.51171875 0.140625 0.078125
1 0.2890625 0.482421875 0.125 0.07421875
1 0.041015625 0.61328125 0.08203125 0.1484375
0 0.11328125 0.033203125 0.109375 0.06640625
1 0.21484375 0.1171875 0.171875 0.0859375
1 0.390625 0.23828125 0.140625 0.0859375
0 0.3828125 0.26953125 0.125 0.078125
1 0.71875 0.36328125 0.09375 0.078125
1 0.1875 0.8984375 0.125 0.09375