0 0.17578125 0.91796875 0.109375 0.046875
0 0.203125 0.888671875 0.1015625 0.03515625
0 0.54296875 0.935546875 0.078125 0.06640625
0 0.603515625 0.88671875 0.05859375 0.0703125
1 0.6796875 0.859375 0.109375 0.0859375
1 0.748046875 0.833984375 0.04296875 0.13671875
0 0.806640625 0.951171875 0.08984375 0.05859375
0 0.873046875 0.732421875 0.08984375 0.04296875
0 0.84765625 0.70703125 0.09375 0.0390625
0 0.5859375 0.55078125 0.140625 0.078125
1 0.6015625 0.529296875 0.1328125 0.07421875
0 0.845703125 0.28515625 0.08984375 0.046875
0 0.921875 0.255859375 0.0703125 0.07421875
0 0.92578125 0.22265625 0.109375 0.0859375
2 0.830078125 0.568359375 0.23828125 0.13671875