1 0.580078125 0.126953125 0.12109375 0.09765625
1 0.60546875 0.14453125 0.1171875 0.09375
1 0.060546875 0.162109375 0.09765625 0.08984375
1 0.4921875 0.49609375 0.1328125 0.046875
1 0.41015625 0.716796875 0.1171875 0.06640625
1 0.544921875 0.666015625 0.14453125 0.06640625
1 0.6171875 0.623046875 0.1484375 0.04296875
0 0.611328125 0.5703125 0.07421875 0.0703125
0 0.728515625 0.197265625 0.08203125 0.06640625
0 0.662109375 0.212890625 0.08203125 0.06640625
0 0.501953125 0.28515625 0.07421875 0.078125
0 0.408203125 0.166015625 0.07421875 0.08984375
0 0.099609375 0.78125 0.08984375 0.0703125
0 0.126953125 0.794921875 0.09765625 0.08203125
0 0.060546875 0.93359375 0.08984375 0.046875
0 0.142578125 0.91796875 0.08984375 0.046875
0 0.09375 0.953125 0.1171875 0.0546875
2 0.265625 0.216796875 0.140625 0.10546875