1 0.17578125 0.8984375 0.1328125 0.0703125
1 0.287109375 0.5078125 0.11328125 0.1015625
0 0.404296875 0.2890625 0.06640625 0.0546875
0 0.36328125 0.23828125 0.0703125 0.0625
0 0.197265625 0.1171875 0.09765625 0.0546875
0 0.072265625 0.044921875 0.10546875 0.05078125
0 0.041015625 0.60546875 0.05078125 0.0859375
0 0.134765625 0.78515625 0.11328125 0.0703125
0 0.296875 0.712890625 0.0859375 0.06640625
0 0.302734375 0.671875 0.09765625 0.0859375
0 0.787109375 0.6484375 0.10546875 0.046875
0 0.8671875 0.630859375 0.1171875 0.05078125
1 0.90625 0.587890625 0.1328125 0.07421875
1 0.93359375 0.5 0.125 0.0546875
1 0.70703125 0.380859375 0.1171875 0.05859375