2 0.203125 0.240234375 0.1640625 0.24609375
2 0.9140625 0.330078125 0.1640625 0.11328125
2 0.9296875 0.58984375 0.1328125 0.1015625
0 0.658203125 0.498046875 0.12890625 0.06640625
0 0.533203125 0.28515625 0.12109375 0.046875
0 0.36328125 0.67578125 0.0859375 0.0546875
0 0.318359375 0.72265625 0.08984375 0.0625
0 0.255859375 0.873046875 0.08203125 0.09765625
0 0.26171875 0.939453125 0.0703125 0.08203125
0 0.451171875 0.919921875 0.11328125 0.09765625
0 0.462890625 0.89453125 0.09765625 0.09375
1 0.666015625 0.53125 0.12109375 0.0625
1 0.48828125 0.4609375 0.125 0.0703125
1 0.517578125 0.3046875 0.13671875 0.0546875