2 0.0859375 0.794921875 0.1640625 0.23046875
2 0.689453125 0.193359375 0.28515625 0.18359375
0 0.8046875 0.36328125 0.09375 0.078125
0 0.79296875 0.3359375 0.09375 0.0859375
0 0.15234375 0.982421875 0.1171875 0.02734375
0 0.177734375 0.958984375 0.10546875 0.04296875
0 0.31640625 0.134765625 0.09375 0.04296875
0 0.267578125 0.11328125 0.09765625 0.0390625
1 0.119140625 0.517578125 0.12890625 0.11328125
1 0.587890625 0.609375 0.07421875 0.140625
1 0.5234375 0.564453125 0.09375 0.13671875
1 0.541015625 0.5390625 0.08984375 0.125
1 0.455078125 0.07421875 0.05078125 0.125
1 0.4375 0.0546875 0.0625 0.109375
1 0.408203125 0.099609375 0.06640625 0.12109375