0 0.857421875 0.017578125 0.08984375 0.02734375
0 0.80859375 0.037109375 0.078125 0.04296875
0 0.416015625 0.38671875 0.05859375 0.1015625
0 0.46875 0.435546875 0.0703125 0.09765625
0 0.451171875 0.45703125 0.07421875 0.0859375
0 0.201171875 0.62890625 0.07421875 0.0625
0 0.203125 0.66796875 0.078125 0.0625
0 0.587890625 0.8984375 0.06640625 0.0859375
0 0.548828125 0.931640625 0.05859375 0.08984375
0 0.564453125 0.958984375 0.05859375 0.08203125
0 0.880859375 0.4765625 0.08984375 0.09375
2 0.30078125 0.79296875 0.2734375 0.1484375
1 0.921875 0.1328125 0.1328125 0.1015625
1 0.927734375 0.212890625 0.05078125 0.12109375
1 0.90234375 0.228515625 0.046875 0.12890625
1 0.712890625 0.873046875 0.12890625 0.06640625