0 0.79296875 0.123046875 0.0859375 0.07421875
0 0.828125 0.166015625 0.09375 0.05078125
0 0.828125 0.220703125 0.0625 0.09765625
0 0.869140625 0.27734375 0.04296875 0.09375
0 0.119140625 0.275390625 0.08203125 0.07421875
0 0.078125 0.298828125 0.1015625 0.03515625
0 0.53515625 0.421875 0.078125 0.0546875
0 0.67578125 0.6640625 0.0703125 0.078125
0 0.763671875 0.857421875 0.05859375 0.10546875
0 0.66015625 0.9609375 0.0859375 0.0390625
1 0.494140625 0.26171875 0.12890625 0.0546875
1 0.35546875 0.478515625 0.1171875 0.09765625
1 0.560546875 0.869140625 0.08984375 0.12109375
1 0.068359375 0.568359375 0.12890625 0.04296875
1 0.05078125 0.54296875 0.09375 0.046875