2 0.5625 0.8515625 0.3125 0.2421875
2 0.87109375 0.064453125 0.1640625 0.12890625
2 0.7265625 0.283203125 0.328125 0.28515625
1 0.146484375 0.587890625 0.14453125 0.04296875
1 0.466796875 0.96875 0.15234375 0.0390625
1 0.4609375 0.9375 0.1640625 0.046875
1 0.74609375 0.748046875 0.1953125 0.05078125
1 0.927734375 0.53125 0.12890625 0.109375
1 0.416015625 0.2890625 0.17578125 0.0390625
1 0.40625 0.2578125 0.15625 0.0390625
0 0.947265625 0.541015625 0.09765625 0.09765625
0 0.796875 0.62890625 0.109375 0.0625
0 0.830078125 0.611328125 0.11328125 0.05859375
0 0.611328125 0.51171875 0.11328125 0.046875
0 0.6015625 0.482421875 0.109375 0.05078125
0 0.119140625 0.1015625 0.10546875 0.0390625
0 0.150390625 0.072265625 0.10546875 0.03515625