1 0.44140625 0.8984375 0.1015625 0.0859375
1 0.41015625 0.884765625 0.1015625 0.08203125
1 0.318359375 0.82421875 0.14453125 0.0703125
1 0.390625 0.40625 0.125 0.0390625
1 0.474609375 0.361328125 0.12109375 0.06640625
1 0.5234375 0.533203125 0.1171875 0.04296875
1 0.908203125 0.103515625 0.14453125 0.05078125
1 0.955078125 0.865234375 0.08203125 0.08984375
0 0.40625 0.46484375 0.0703125 0.0625
0 0.513671875 0.7421875 0.06640625 0.0703125
0 0.60546875 0.861328125 0.0625 0.07421875
0 0.60546875 0.30859375 0.1015625 0.0625
0 0.919921875 0.244140625 0.07421875 0.06640625
0 0.880859375 0.236328125 0.08203125 0.07421875
2 0.748046875 0.80859375 0.11328125 0.109375
0 0.646484375 0.041015625 0.05859375 0.08203125