0 0.20703125 0.876953125 0.0859375 0.07421875
0 0.171875 0.833984375 0.09375 0.05078125
0 0.171875 0.779296875 0.0625 0.09765625
0 0.130859375 0.72265625 0.04296875 0.09375
0 0.880859375 0.724609375 0.08203125 0.07421875
0 0.921875 0.701171875 0.1015625 0.03515625
0 0.46484375 0.578125 0.078125 0.0546875
0 0.32421875 0.3359375 0.0703125 0.078125
0 0.236328125 0.142578125 0.05859375 0.10546875
0 0.33984375 0.0390625 0.0859375 0.0390625
1 0.505859375 0.73828125 0.12890625 0.0546875
1 0.64453125 0.521484375 0.1171875 0.09765625
1 0.439453125 0.130859375 0.08984375 0.12109375
1 0.931640625 0.431640625 0.12890625 0.04296875
1 0.94921875 0.45703125 0.09375 0.046875