1 0.908203125 0.154296875 0.14453125 0.16796875
1 0.810546875 0.23828125 0.18359375 0.0546875
1 0.33203125 0.638671875 0.140625 0.05859375
0 0.95703125 0.330078125 0.0546875 0.09765625
0 0.966796875 0.28515625 0.05859375 0.1015625
0 0.78515625 0.8046875 0.1171875 0.0390625
0 0.802734375 0.77734375 0.12109375 0.0390625
0 0.671875 0.724609375 0.125 0.05078125
0 0.70703125 0.681640625 0.1171875 0.05859375
0 0.33203125 0.880859375 0.0703125 0.08984375
0 0.296875 0.876953125 0.0703125 0.08984375
0 0.396484375 0.625 0.08984375 0.0390625
0 0.318359375 0.59765625 0.11328125 0.03125
0 0.046875 0.53515625 0.0859375 0.046875
1 0.150390625 0.4921875 0.12890625 0.046875
1 0.130859375 0.46484375 0.12109375 0.0390625
0 0.255859375 0.29296875 0.08984375 0.1484375