0 0.4296875 0.1171875 0.109375 0.046875
0 0.41015625 0.134765625 0.1015625 0.04296875
1 0.392578125 0.15625 0.14453125 0.0625
1 0.572265625 0.748046875 0.08203125 0.12890625
1 0.908203125 0.0546875 0.12109375 0.0703125
0 0.798828125 0.0625 0.10546875 0.046875
0 0.931640625 0.806640625 0.09765625 0.04296875
0 0.94921875 0.779296875 0.09375 0.03515625
2 0.380859375 0.84765625 0.23046875 0.0859375
0 0.224609375 0.544921875 0.11328125 0.06640625
0 0.21875 0.57421875 0.1171875 0.078125
0 0.693359375 0.275390625 0.09765625 0.06640625
0 0.642578125 0.2890625 0.11328125 0.0546875