0 0.5703125 0.8828125 0.109375 0.046875
0 0.58984375 0.865234375 0.1015625 0.04296875
1 0.607421875 0.84375 0.14453125 0.0625
1 0.427734375 0.251953125 0.08203125 0.12890625
1 0.091796875 0.9453125 0.12109375 0.0703125
0 0.201171875 0.9375 0.10546875 0.046875
0 0.068359375 0.193359375 0.09765625 0.04296875
0 0.05078125 0.220703125 0.09375 0.03515625
2 0.619140625 0.15234375 0.23046875 0.0859375
0 0.775390625 0.455078125 0.11328125 0.06640625
0 0.78125 0.42578125 0.1171875 0.078125
0 0.306640625 0.724609375 0.09765625 0.06640625
0 0.357421875 0.7109375 0.11328125 0.0546875