2 0.568359375 0.546875 0.22265625 0.15625
2 0.193359375 0.673828125 0.17578125 0.33203125
2 0.08203125 0.359375 0.1640625 0.2734375
1 0.353515625 0.806640625 0.10546875 0.13671875
1 0.33203125 0.7890625 0.1171875 0.140625
1 0.974609375 0.15625 0.04296875 0.1640625
1 0.951171875 0.166015625 0.04296875 0.13671875
2 0.79296875 0.0859375 0.2421875 0.1640625
0 0.529296875 0.1171875 0.06640625 0.1171875
0 0.4921875 0.126953125 0.0703125 0.10546875
1 0.818359375 0.9453125 0.06640625 0.09375
1 0.7890625 0.9375 0.078125 0.109375