2 0.36328125 0.0703125 0.21875 0.1328125
2 0.77734375 0.125 0.28125 0.171875
0 0.6796875 0.90625 0.0390625 0.125
0 0.810546875 0.748046875 0.07421875 0.05859375
0 0.748046875 0.75 0.08203125 0.046875
0 0.9453125 0.46484375 0.078125 0.0703125
0 0.90234375 0.466796875 0.1015625 0.08203125
0 0.716796875 0.361328125 0.08203125 0.05078125
0 0.642578125 0.353515625 0.08203125 0.04296875
0 0.556640625 0.45703125 0.13671875 0.046875
1 0.37109375 0.71484375 0.109375 0.0703125
1 0.2265625 0.494140625 0.1328125 0.12890625
1 0.09375 0.806640625 0.1484375 0.07421875
1 0.646484375 0.8828125 0.05078125 0.234375
1 0.58203125 0.966796875 0.1171875 0.06640625
0 0.53125 0.95703125 0.109375 0.0703125