0 0.9453125 0.25 0.0859375 0.0390625
0 0.876953125 0.283203125 0.08984375 0.04296875
0 0.716796875 0.333984375 0.08984375 0.06640625
0 0.64453125 0.314453125 0.0859375 0.07421875
1 0.498046875 0.103515625 0.09765625 0.12890625
1 0.515625 0.125 0.109375 0.140625
1 0.421875 0.37890625 0.109375 0.0859375
1 0.390625 0.390625 0.1171875 0.0859375
0 0.580078125 0.47265625 0.12109375 0.0625
0 0.623046875 0.490234375 0.12890625 0.05078125
0 0.84375 0.94140625 0.1484375 0.0703125
1 0.86328125 0.962890625 0.1484375 0.06640625