0 0.220703125 0.345703125 0.08984375 0.04296875
0 0.142578125 0.36328125 0.08984375 0.0390625
0 0.08984375 0.40625 0.109375 0.0625
1 0.0625 0.494140625 0.1171875 0.05078125
1 0.29296875 0.611328125 0.1015625 0.05078125
1 0.62109375 0.732421875 0.0859375 0.09765625
0 0.71875 0.48828125 0.09375 0.0859375
0 0.8046875 0.873046875 0.078125 0.05078125
0 0.92578125 0.947265625 0.0859375 0.03515625
0 0.958984375 0.396484375 0.05078125 0.07421875
0 0.865234375 0.205078125 0.08984375 0.05859375
0 0.830078125 0.09375 0.10546875 0.0625
0 0.7109375 0.279296875 0.078125 0.05859375
0 0.693359375 0.328125 0.08203125 0.078125