1 0.966796875 0.12890625 0.05859375 0.171875
1 0.8984375 0.5078125 0.046875 0.140625
1 0.791015625 0.943359375 0.08203125 0.11328125
1 0.646484375 0.763671875 0.11328125 0.09765625
1 0.490234375 0.845703125 0.05859375 0.14453125
1 0.474609375 0.509765625 0.04296875 0.16796875
1 0.2421875 0.068359375 0.0703125 0.12890625
0 0.041015625 0.69140625 0.06640625 0.125
0 0.03125 0.875 0.046875 0.1015625
0 0.021484375 0.806640625 0.04296875 0.09765625
0 0.46484375 0.236328125 0.0703125 0.08203125
0 0.455078125 0.201171875 0.07421875 0.08984375
0 0.919921875 0.537109375 0.05078125 0.12890625
0 0.6484375 0.798828125 0.1015625 0.08984375
0 0.578125 0.375 0.0390625 0.0859375
0 0.595703125 0.314453125 0.04296875 0.08203125
1 0.369140625 0.953125 0.08984375 0.09375