2 0.197265625 0.083984375 0.23828125 0.12890625
0 0.68359375 0.06640625 0.078125 0.0625
0 0.75390625 0.45703125 0.078125 0.0859375
0 0.2890625 0.322265625 0.109375 0.05078125
0 0.423828125 0.419921875 0.08203125 0.04296875
0 0.193359375 0.716796875 0.09765625 0.05078125
0 0.296875 0.87109375 0.0390625 0.0859375
0 0.609375 0.6796875 0.0859375 0.0625
0 0.888671875 0.76953125 0.08984375 0.0546875
1 0.326171875 0.82421875 0.05078125 0.1484375
1 0.4296875 0.927734375 0.140625 0.05859375
1 0.064453125 0.4296875 0.12109375 0.0703125