2 0.6484375 0.51953125 0.234375 0.3515625
2 0.220703125 0.271484375 0.11328125 0.16015625
0 0.15234375 0.05859375 0.0546875 0.078125
0 0.19140625 0.078125 0.0546875 0.078125
0 0.177734375 0.41015625 0.09765625 0.0859375
0 0.2890625 0.505859375 0.0859375 0.08984375
0 0.208984375 0.673828125 0.07421875 0.09765625
0 0.2109375 0.72265625 0.078125 0.09375
0 0.5 0.46875 0.046875 0.078125
0 0.50390625 0.537109375 0.0625 0.07421875
0 0.78515625 0.10546875 0.0859375 0.1015625
0 0.921875 0.140625 0.0546875 0.1015625
0 0.939453125 0.07421875 0.04296875 0.109375
1 0.80078125 0.126953125 0.09375 0.12109375
1 0.9609375 0.099609375 0.046875 0.14453125
1 0.1328125 0.583984375 0.109375 0.13671875
1 0.150390625 0.60546875 0.11328125 0.140625