2 0.06640625 0.931640625 0.125 0.12890625
2 0.087890625 0.64453125 0.16796875 0.2578125
2 0.134765625 0.23046875 0.19921875 0.3359375
2 0.875 0.41015625 0.25 0.25
0 0.810546875 0.93359375 0.07421875 0.1015625
0 0.724609375 0.61328125 0.08203125 0.078125
0 0.72265625 0.654296875 0.078125 0.07421875
0 0.462890625 0.40625 0.06640625 0.1015625
0 0.466796875 0.482421875 0.05078125 0.11328125
0 0.353515625 0.3359375 0.05078125 0.1171875
0 0.767578125 0.23828125 0.06640625 0.1171875
1 0.751953125 0.208984375 0.06640625 0.11328125
1 0.46484375 0.06640625 0.078125 0.1171875
1 0.48046875 0.08984375 0.109375 0.15625
1 0.375 0.314453125 0.0546875 0.13671875
1 0.48828125 0.775390625 0.0859375 0.13671875
1 0.5234375 0.76953125 0.078125 0.125