1 0.904296875 0.134765625 0.11328125 0.09765625
1 0.70703125 0.1328125 0.1171875 0.0859375
0 0.5390625 0.033203125 0.1015625 0.04296875
0 0.353515625 0.05078125 0.05859375 0.09375
0 0.28125 0.271484375 0.078125 0.05078125
0 0.244140625 0.3125 0.08203125 0.0546875
0 0.19140625 0.416015625 0.0859375 0.08203125
0 0.349609375 0.419921875 0.09765625 0.06640625
0 0.392578125 0.794921875 0.11328125 0.08203125
1 0.126953125 0.4921875 0.11328125 0.0859375
1 0.79296875 0.9609375 0.125 0.078125
1 0.904296875 0.982421875 0.13671875 0.03515625
1 0.4609375 0.375 0.140625 0.0546875
1 0.22265625 0.80078125 0.0703125 0.046875
1 0.267578125 0.84375 0.08203125 0.0546875
0 0.88671875 0.625 0.0859375 0.0703125
0 0.837890625 0.625 0.06640625 0.0625
0 0.875 0.66796875 0.09375 0.0390625
0 0.724609375 0.50390625 0.10546875 0.0859375
1 0.7734375 0.55859375 0.140625 0.0703125
0 0.71484375 0.46875 0.078125 0.0390625
0 0.66015625 0.447265625 0.078125 0.05078125