2 0.138671875 0.435546875 0.26953125 0.20703125
0 0.3203125 0.625 0.09375 0.0703125
0 0.845703125 0.111328125 0.11328125 0.09765625
0 0.890625 0.220703125 0.0859375 0.07421875
0 0.833984375 0.224609375 0.10546875 0.07421875
0 0.697265625 0.30078125 0.14453125 0.109375
1 0.712890625 0.318359375 0.17578125 0.13671875
1 0.70703125 0.48828125 0.140625 0.078125
1 0.7109375 0.517578125 0.125 0.07421875
1 0.958984375 0.38671875 0.08203125 0.1484375
0 0.88671875 0.966796875 0.109375 0.06640625
1 0.78515625 0.8828125 0.171875 0.0859375
1 0.609375 0.76171875 0.140625 0.0859375
0 0.6171875 0.73046875 0.125 0.078125
1 0.28125 0.63671875 0.09375 0.078125
1 0.8125 0.1015625 0.125 0.09375