2 0.43359375 0.20703125 0.28125 0.359375
2 0.59375 0.58203125 0.125 0.25
2 0.53515625 0.84765625 0.140625 0.171875
2 0.171875 0.677734375 0.1015625 0.30078125
1 0.044921875 0.1796875 0.04296875 0.1484375
1 0.708984375 0.7265625 0.05859375 0.1484375
0 0.6953125 0.69140625 0.0390625 0.0859375
0 0.669921875 0.763671875 0.04296875 0.08984375
0 0.900390625 0.65625 0.07421875 0.0859375
0 0.943359375 0.47265625 0.07421875 0.1171875
1 0.9609375 0.4453125 0.0703125 0.1171875
1 0.8671875 0.291015625 0.046875 0.14453125
1 0.83984375 0.283203125 0.0546875 0.14453125
2 0.8515625 0.0859375 0.0859375 0.1640625