0 0.716796875 0.865234375 0.06640625 0.05078125
0 0.66015625 0.896484375 0.0546875 0.06640625
0 0.22265625 0.80859375 0.09375 0.0390625
0 0.18359375 0.78125 0.0859375 0.0390625
0 0.041015625 0.275390625 0.04296875 0.08203125
0 0.037109375 0.345703125 0.05078125 0.07421875
0 0.07421875 0.1484375 0.109375 0.140625
0 0.9453125 0.5390625 0.0703125 0.0390625
0 0.67578125 0.638671875 0.1015625 0.05078125
0 0.83203125 0.49609375 0.1015625 0.046875
0 0.876953125 0.46484375 0.10546875 0.03125
0 0.748046875 0.298828125 0.06640625 0.11328125
1 0.642578125 0.6171875 0.14453125 0.0625
1 0.310546875 0.708984375 0.15234375 0.10546875
1 0.208984375 0.240234375 0.14453125 0.06640625