1 0.55859375 0.8984375 0.1015625 0.0859375
1 0.58984375 0.884765625 0.1015625 0.08203125
1 0.681640625 0.82421875 0.14453125 0.0703125
1 0.609375 0.40625 0.125 0.0390625
1 0.525390625 0.361328125 0.12109375 0.06640625
1 0.4765625 0.533203125 0.1171875 0.04296875
1 0.091796875 0.103515625 0.14453125 0.05078125
1 0.044921875 0.865234375 0.08203125 0.08984375
0 0.59375 0.46484375 0.0703125 0.0625
0 0.486328125 0.7421875 0.06640625 0.0703125
0 0.39453125 0.861328125 0.0625 0.07421875
0 0.39453125 0.30859375 0.1015625 0.0625
0 0.080078125 0.244140625 0.07421875 0.06640625
0 0.119140625 0.236328125 0.08203125 0.07421875
2 0.251953125 0.80859375 0.11328125 0.109375
0 0.353515625 0.041015625 0.05859375 0.08203125