2 0.78125 0.119140625 0.265625 0.15234375
2 0.359375 0.0625 0.1953125 0.1171875
1 0.68359375 0.35546875 0.1484375 0.0546875
1 0.78125 0.751953125 0.125 0.05078125
1 0.2265625 0.4921875 0.109375 0.109375
0 0.953125 0.466796875 0.0703125 0.06640625
0 0.896484375 0.4609375 0.08984375 0.0703125
0 0.556640625 0.45703125 0.12109375 0.046875
0 0.375 0.71484375 0.1015625 0.0703125
0 0.09375 0.80078125 0.1171875 0.0625
0 0.521484375 0.95703125 0.08984375 0.0546875
0 0.59375 0.958984375 0.09375 0.06640625
0 0.681640625 0.90625 0.03515625 0.109375
1 0.650390625 0.876953125 0.05078125 0.20703125