0 0.5703125 0.1171875 0.109375 0.046875
0 0.58984375 0.134765625 0.1015625 0.04296875
1 0.607421875 0.15625 0.14453125 0.0625
1 0.427734375 0.748046875 0.08203125 0.12890625
1 0.091796875 0.0546875 0.12109375 0.0703125
0 0.201171875 0.0625 0.10546875 0.046875
0 0.068359375 0.806640625 0.09765625 0.04296875
0 0.05078125 0.779296875 0.09375 0.03515625
2 0.619140625 0.84765625 0.23046875 0.0859375
0 0.775390625 0.544921875 0.11328125 0.06640625
0 0.78125 0.57421875 0.1171875 0.078125
0 0.306640625 0.275390625 0.09765625 0.06640625
0 0.357421875 0.2890625 0.11328125 0.0546875