2 0.86328125 0.94921875 0.265625 0.09375
2 0.384765625 0.14453125 0.30078125 0.109375
1 0.423828125 0.884765625 0.16015625 0.05859375
1 0.4140625 0.857421875 0.1484375 0.05078125
1 0.40625 0.83984375 0.203125 0.078125
1 0.677734375 0.720703125 0.14453125 0.06640625
1 0.658203125 0.697265625 0.16015625 0.06640625
1 0.21484375 0.447265625 0.1640625 0.08203125
1 0.22265625 0.421875 0.1640625 0.09375
1 0.9296875 0.21875 0.1328125 0.0390625
0 0.935546875 0.1875 0.12109375 0.0390625
0 0.572265625 0.263671875 0.08984375 0.08203125
0 0.5703125 0.2265625 0.09375 0.078125