0 0.916015625 0.908203125 0.09765625 0.07421875
0 0.90625 0.810546875 0.046875 0.08984375
0 0.880859375 0.798828125 0.04296875 0.08984375
0 0.857421875 0.556640625 0.06640625 0.07421875
0 0.4296875 0.578125 0.0625 0.0703125
0 0.4453125 0.603515625 0.0546875 0.06640625
0 0.404296875 0.654296875 0.04296875 0.07421875
1 0.1796875 0.3828125 0.078125 0.109375
1 0.55078125 0.10546875 0.0625 0.125
0 0.5234375 0.09375 0.0390625 0.078125
0 0.701171875 0.15625 0.08984375 0.0546875
2 0.291015625 0.248046875 0.23046875 0.12890625