2 0.0703125 0.63671875 0.1328125 0.21875
2 0.125 0.22265625 0.171875 0.28125
0 0.90625 0.3203125 0.125 0.0390625
0 0.748046875 0.189453125 0.05859375 0.07421875
0 0.75 0.251953125 0.046875 0.08203125
0 0.46484375 0.0546875 0.0703125 0.078125
0 0.466796875 0.09765625 0.08203125 0.1015625
0 0.361328125 0.283203125 0.05078125 0.08203125
0 0.353515625 0.357421875 0.04296875 0.08203125
0 0.45703125 0.443359375 0.046875 0.13671875
1 0.71484375 0.62890625 0.0703125 0.109375
1 0.494140625 0.7734375 0.12890625 0.1328125
1 0.806640625 0.90625 0.07421875 0.1484375
1 0.8828125 0.353515625 0.234375 0.05078125
1 0.966796875 0.41796875 0.06640625 0.1171875
0 0.95703125 0.46875 0.0703125 0.109375