1 0.54296875 0.958984375 0.125 0.04296875
1 0.388671875 0.59375 0.16796875 0.1015625
1 0.392578125 0.19921875 0.13671875 0.0859375
2 0.779296875 0.435546875 0.30859375 0.26171875
0 0.931640625 0.87890625 0.08203125 0.0546875
0 0.888671875 0.837890625 0.08984375 0.05859375
0 0.728515625 0.875 0.08203125 0.046875
0 0.69140625 0.841796875 0.0859375 0.04296875
0 0.35546875 0.94140625 0.0625 0.109375
0 0.279296875 0.720703125 0.08984375 0.05078125
0 0.25390625 0.677734375 0.09375 0.05078125
0 0.193359375 0.576171875 0.08984375 0.08203125
0 0.1171875 0.51953125 0.078125 0.0390625
0 0.14453125 0.486328125 0.078125 0.04296875
0 0.234375 0.1875 0.09375 0.0546875
0 0.263671875 0.150390625 0.08984375 0.05078125
0 0.822265625 0.048828125 0.08203125 0.03515625
1 0.822265625 0.017578125 0.15234375 0.03515625
0 0.49609375 0.6171875 0.0859375 0.0625