0 0.90625 0.94140625 0.0859375 0.0703125
0 0.435546875 0.884765625 0.08203125 0.05078125
0 0.396484375 0.8671875 0.08203125 0.046875
0 0.384765625 0.84375 0.11328125 0.0546875
0 0.232421875 0.46484375 0.09765625 0.046875
0 0.201171875 0.421875 0.08203125 0.0625
0 0.5703125 0.25 0.0703125 0.1015625
0 0.91796875 0.19921875 0.078125 0.0390625
1 0.8515625 0.95703125 0.1875 0.078125
1 0.375 0.16796875 0.1640625 0.0546875
1 0.666015625 0.720703125 0.13671875 0.05078125
1 0.3671875 0.134765625 0.15625 0.05859375