1 0.833984375 0.97265625 0.12109375 0.046875
1 0.439453125 0.591796875 0.08203125 0.15234375
0 0.46484375 0.57421875 0.0625 0.0859375
0 0.205078125 0.3828125 0.05859375 0.0546875
0 0.19140625 0.333984375 0.0625 0.05078125
0 0.927734375 0.87890625 0.10546875 0.0859375
0 0.921875 0.7890625 0.046875 0.109375
0 0.8984375 0.771484375 0.046875 0.10546875
0 0.875 0.529296875 0.078125 0.08203125
0 0.712890625 0.1328125 0.09765625 0.0546875
0 0.544921875 0.0703125 0.05078125 0.078125
1 0.568359375 0.078125 0.06640625 0.140625
2 0.302734375 0.22265625 0.23828125 0.1328125