2 0.919921875 0.59765625 0.15234375 0.1171875
2 0.90625 0.365234375 0.1796875 0.16796875
2 0.203125 0.25390625 0.203125 0.2734375
1 0.48046875 0.90625 0.1328125 0.1171875
1 0.46484375 0.9296875 0.1484375 0.125
1 0.26953125 0.8984375 0.09375 0.1328125
1 0.25 0.92578125 0.0859375 0.125
1 0.66015625 0.53515625 0.171875 0.0703125
1 0.541015625 0.28515625 0.16015625 0.0546875
1 0.53125 0.310546875 0.1875 0.06640625
0 0.34765625 0.689453125 0.1171875 0.06640625
0 0.3359375 0.720703125 0.1171875 0.06640625
0 0.494140625 0.470703125 0.16796875 0.08984375
0 0.66015625 0.505859375 0.171875 0.07421875