2 0.78125 0.880859375 0.265625 0.15234375
2 0.359375 0.9375 0.1953125 0.1171875
1 0.68359375 0.64453125 0.1484375 0.0546875
1 0.78125 0.248046875 0.125 0.05078125
1 0.2265625 0.5078125 0.109375 0.109375
0 0.953125 0.533203125 0.0703125 0.06640625
0 0.896484375 0.5390625 0.08984375 0.0703125
0 0.556640625 0.54296875 0.12109375 0.046875
0 0.375 0.28515625 0.1015625 0.0703125
0 0.09375 0.19921875 0.1171875 0.0625
0 0.521484375 0.04296875 0.08984375 0.0546875
0 0.59375 0.041015625 0.09375 0.06640625
0 0.681640625 0.09375 0.03515625 0.109375
1 0.650390625 0.123046875 0.05078125 0.20703125