0 0.86328125 0.056640625 0.125 0.05859375
0 0.3671875 0.021484375 0.0859375 0.03515625
0 0.318359375 0.041015625 0.08984375 0.04296875
0 0.34375 0.166015625 0.0625 0.08984375
0 0.400390625 0.169921875 0.09765625 0.04296875
1 0.328125 0.146484375 0.078125 0.10546875
1 0.087890625 0.48828125 0.15234375 0.046875
1 0.24609375 0.669921875 0.1484375 0.05859375
1 0.513671875 0.517578125 0.13671875 0.04296875
1 0.765625 0.59375 0.125 0.0546875
1 0.896484375 0.69140625 0.08203125 0.140625
1 0.8984375 0.837890625 0.0546875 0.10546875
0 0.84765625 0.822265625 0.0546875 0.08984375
0 0.841796875 0.880859375 0.08984375 0.09765625
0 0.93359375 0.5859375 0.0546875 0.078125
0 0.79296875 0.521484375 0.078125 0.08203125
0 0.689453125 0.427734375 0.09765625 0.07421875
0 0.51171875 0.427734375 0.1015625 0.06640625
0 0.255859375 0.455078125 0.10546875 0.04296875
1 0.94921875 0.568359375 0.078125 0.12109375