0 0.88671875 0.892578125 0.09375 0.08984375
0 0.330078125 0.607421875 0.08203125 0.05859375
0 0.17578125 0.61328125 0.0703125 0.0703125
0 0.376953125 0.234375 0.09765625 0.0703125
0 0.873046875 0.396484375 0.07421875 0.05078125
0 0.822265625 0.396484375 0.05078125 0.06640625
0 0.861328125 0.359375 0.08203125 0.0390625
0 0.5234375 0.98046875 0.1015625 0.03125
1 0.6875 0.89453125 0.1015625 0.078125
1 0.451171875 0.654296875 0.12109375 0.05859375
1 0.2421875 0.732421875 0.109375 0.09765625
1 0.111328125 0.53515625 0.09765625 0.078125
1 0.228515625 0.203125 0.11328125 0.09375
1 0.66796875 0.572265625 0.1171875 0.06640625
1 0.755859375 0.47265625 0.12890625 0.0703125
0 0.7109375 0.5234375 0.0859375 0.0859375
1 0.77734375 0.068359375 0.1015625 0.07421875
1 0.89453125 0.03515625 0.1171875 0.046875