1 0.18359375 0.173828125 0.125 0.06640625
1 0.8359375 0.486328125 0.1328125 0.08203125
0 0.947265625 0.423828125 0.09765625 0.04296875
0 0.67578125 0.087890625 0.0859375 0.06640625
0 0.2890625 0.259765625 0.1015625 0.08203125
0 0.662109375 0.33203125 0.08203125 0.046875
0 0.62109375 0.349609375 0.109375 0.05078125
0 0.728515625 0.666015625 0.05859375 0.08984375
0 0.64453125 0.97265625 0.109375 0.0546875
0 0.021484375 0.66796875 0.04296875 0.109375
0 0.052734375 0.82421875 0.08203125 0.1015625
0 0.1953125 0.7265625 0.1015625 0.0546875