1 0.125 0.02734375 0.1328125 0.046875
1 0.05859375 0.751953125 0.109375 0.05859375
1 0.345703125 0.408203125 0.12109375 0.05078125
1 0.501953125 0.521484375 0.12109375 0.04296875
1 0.849609375 0.96875 0.13671875 0.046875
0 0.55078125 0.078125 0.09375 0.0546875
0 0.4921875 0.091796875 0.1015625 0.03515625
0 0.80859375 0.35546875 0.0625 0.078125
0 0.751953125 0.3359375 0.07421875 0.078125
0 0.94140625 0.201171875 0.0859375 0.06640625
0 0.845703125 0.501953125 0.11328125 0.05078125
0 0.685546875 0.95703125 0.09765625 0.0546875
0 0.240234375 0.541015625 0.06640625 0.05859375
0 0.189453125 0.533203125 0.06640625 0.06640625