2 0.79296875 0.43359375 0.359375 0.28125
2 0.41796875 0.59375 0.25 0.125
2 0.15234375 0.53515625 0.171875 0.140625
2 0.322265625 0.171875 0.30078125 0.1015625
1 0.8203125 0.044921875 0.1484375 0.04296875
1 0.2734375 0.708984375 0.1484375 0.05859375
0 0.30859375 0.6953125 0.0859375 0.0390625
0 0.236328125 0.669921875 0.08984375 0.04296875
0 0.34375 0.900390625 0.0859375 0.07421875
0 0.52734375 0.943359375 0.1171875 0.07421875
1 0.5546875 0.9609375 0.1171875 0.0703125
1 0.708984375 0.8671875 0.14453125 0.046875
1 0.716796875 0.83984375 0.14453125 0.0546875
2 0.9140625 0.8515625 0.1640625 0.0859375