2 0.9296875 0.36328125 0.1328125 0.21875
2 0.875 0.77734375 0.171875 0.28125
0 0.09375 0.6796875 0.125 0.0390625
0 0.251953125 0.810546875 0.05859375 0.07421875
0 0.25 0.748046875 0.046875 0.08203125
0 0.53515625 0.9453125 0.0703125 0.078125
0 0.533203125 0.90234375 0.08203125 0.1015625
0 0.638671875 0.716796875 0.05078125 0.08203125
0 0.646484375 0.642578125 0.04296875 0.08203125
0 0.54296875 0.556640625 0.046875 0.13671875
1 0.28515625 0.37109375 0.0703125 0.109375
1 0.505859375 0.2265625 0.12890625 0.1328125
1 0.193359375 0.09375 0.07421875 0.1484375
1 0.1171875 0.646484375 0.234375 0.05078125
1 0.033203125 0.58203125 0.06640625 0.1171875
0 0.04296875 0.53125 0.0703125 0.109375