2 0.4375 0.8515625 0.3125 0.2421875
2 0.12890625 0.064453125 0.1640625 0.12890625
2 0.2734375 0.283203125 0.328125 0.28515625
1 0.853515625 0.587890625 0.14453125 0.04296875
1 0.533203125 0.96875 0.15234375 0.0390625
1 0.5390625 0.9375 0.1640625 0.046875
1 0.25390625 0.748046875 0.1953125 0.05078125
1 0.072265625 0.53125 0.12890625 0.109375
1 0.583984375 0.2890625 0.17578125 0.0390625
1 0.59375 0.2578125 0.15625 0.0390625
0 0.052734375 0.541015625 0.09765625 0.09765625
0 0.203125 0.62890625 0.109375 0.0625
0 0.169921875 0.611328125 0.11328125 0.05859375
0 0.388671875 0.51171875 0.11328125 0.046875
0 0.3984375 0.482421875 0.109375 0.05078125
0 0.880859375 0.1015625 0.10546875 0.0390625
0 0.849609375 0.072265625 0.10546875 0.03515625