2 0.787109375 0.568359375 0.34765625 0.26953125
0 0.919921875 0.125 0.10546875 0.0625
0 0.908203125 0.158203125 0.12109375 0.05859375
0 0.720703125 0.125 0.10546875 0.046875
0 0.70703125 0.15625 0.109375 0.046875
0 0.564453125 0.0390625 0.08984375 0.0625
0 0.521484375 0.048828125 0.08984375 0.05859375
0 0.357421875 0.0625 0.07421875 0.1171875
0 0.2734375 0.287109375 0.109375 0.05859375
0 0.134765625 0.513671875 0.10546875 0.04296875
0 0.125 0.482421875 0.1015625 0.03515625
1 0.177734375 0.4296875 0.12890625 0.09375
1 0.37109375 0.4296875 0.1484375 0.0625
1 0.267578125 0.31640625 0.12109375 0.0625
0 0.443359375 0.380859375 0.11328125 0.06640625
0 0.484375 0.390625 0.109375 0.078125
0 0.4140625 0.787109375 0.109375 0.04296875
0 0.373046875 0.82421875 0.10546875 0.046875
0 0.24609375 0.814453125 0.1015625 0.05078125
1 0.251953125 0.84765625 0.12890625 0.0546875
1 0.83984375 0.978515625 0.203125 0.04296875
0 0.828125 0.953125 0.109375 0.0390625