2 0.21875 0.880859375 0.265625 0.15234375
2 0.640625 0.9375 0.1953125 0.1171875
1 0.31640625 0.64453125 0.1484375 0.0546875
1 0.21875 0.248046875 0.125 0.05078125
1 0.7734375 0.5078125 0.109375 0.109375
0 0.046875 0.533203125 0.0703125 0.06640625
0 0.103515625 0.5390625 0.08984375 0.0703125
0 0.443359375 0.54296875 0.12109375 0.046875
0 0.625 0.28515625 0.1015625 0.0703125
0 0.90625 0.19921875 0.1171875 0.0625
0 0.478515625 0.04296875 0.08984375 0.0546875
0 0.40625 0.041015625 0.09375 0.06640625
0 0.318359375 0.09375 0.03515625 0.109375
1 0.349609375 0.123046875 0.05078125 0.20703125