1 0.880859375 0.298828125 0.12109375 0.10546875
1 0.869140625 0.3203125 0.11328125 0.09375
1 0.796875 0.775390625 0.046875 0.16796875
1 0.76953125 0.787109375 0.0390625 0.17578125
1 0.712890625 0.6875 0.06640625 0.171875
1 0.6796875 0.693359375 0.0703125 0.16015625
2 0.271484375 0.857421875 0.40234375 0.27734375
0 0.642578125 0.375 0.03515625 0.1171875
1 0.6171875 0.349609375 0.0390625 0.22265625
1 0.587890625 0.326171875 0.03515625 0.15234375
1 0.48828125 0.13671875 0.0390625 0.1796875
1 0.458984375 0.134765625 0.04296875 0.17578125
0 0.314453125 0.259765625 0.09765625 0.08984375
0 0.2421875 0.23828125 0.09375 0.0859375