1 0.1015625 0.55859375 0.0859375 0.1015625
1 0.115234375 0.58984375 0.08203125 0.1015625
1 0.17578125 0.681640625 0.0703125 0.14453125
1 0.59375 0.609375 0.0390625 0.125
1 0.638671875 0.525390625 0.06640625 0.12109375
1 0.466796875 0.4765625 0.04296875 0.1171875
1 0.896484375 0.091796875 0.05078125 0.14453125
1 0.134765625 0.044921875 0.08984375 0.08203125
0 0.53515625 0.59375 0.0625 0.0703125
0 0.2578125 0.486328125 0.0703125 0.06640625
0 0.138671875 0.39453125 0.07421875 0.0625
0 0.69140625 0.39453125 0.0625 0.1015625
0 0.755859375 0.080078125 0.06640625 0.07421875
0 0.763671875 0.119140625 0.07421875 0.08203125
2 0.19140625 0.251953125 0.109375 0.11328125
0 0.958984375 0.353515625 0.08203125 0.05859375