1 0.865234375 0.095703125 0.09765625 0.11328125
1 0.8671875 0.29296875 0.0859375 0.1171875
0 0.966796875 0.4609375 0.04296875 0.1015625
0 0.94921875 0.646484375 0.09375 0.05859375
0 0.728515625 0.71875 0.05078125 0.078125
0 0.6875 0.755859375 0.0546875 0.08203125
0 0.583984375 0.80859375 0.08203125 0.0859375
0 0.580078125 0.650390625 0.06640625 0.09765625
0 0.205078125 0.607421875 0.08203125 0.11328125
1 0.5078125 0.873046875 0.0859375 0.11328125
1 0.0390625 0.20703125 0.078125 0.125
1 0.017578125 0.095703125 0.03515625 0.13671875
1 0.625 0.5390625 0.0546875 0.140625
1 0.19921875 0.77734375 0.046875 0.0703125
1 0.15625 0.732421875 0.0546875 0.08203125
0 0.375 0.11328125 0.0703125 0.0859375
0 0.375 0.162109375 0.0625 0.06640625
0 0.33203125 0.125 0.0390625 0.09375
0 0.49609375 0.275390625 0.0859375 0.10546875
1 0.44140625 0.2265625 0.0703125 0.140625
0 0.53125 0.28515625 0.0390625 0.078125
0 0.552734375 0.33984375 0.05078125 0.078125