1 0.119140625 0.701171875 0.12109375 0.10546875
1 0.130859375 0.6796875 0.11328125 0.09375
1 0.203125 0.224609375 0.046875 0.16796875
1 0.23046875 0.212890625 0.0390625 0.17578125
1 0.287109375 0.3125 0.06640625 0.171875
1 0.3203125 0.306640625 0.0703125 0.16015625
2 0.728515625 0.142578125 0.40234375 0.27734375
0 0.357421875 0.625 0.03515625 0.1171875
1 0.3828125 0.650390625 0.0390625 0.22265625
1 0.412109375 0.673828125 0.03515625 0.15234375
1 0.51171875 0.86328125 0.0390625 0.1796875
1 0.541015625 0.865234375 0.04296875 0.17578125
0 0.685546875 0.740234375 0.09765625 0.08984375
0 0.7578125 0.76171875 0.09375 0.0859375