0 0.8671875 0.853515625 0.09375 0.06640625
0 0.92578125 0.85546875 0.0859375 0.0703125
0 0.423828125 0.8046875 0.09765625 0.0859375
0 0.4609375 0.689453125 0.1015625 0.06640625
0 0.478515625 0.640625 0.08984375 0.0703125
0 0.75390625 0.55078125 0.125 0.0546875
1 0.4296875 0.779296875 0.1015625 0.09765625
1 0.779296875 0.51171875 0.13671875 0.0625
1 0.58984375 0.16015625 0.1015625 0.0703125
0 0.6328125 0.15234375 0.0859375 0.0703125
1 0.048828125 0.263671875 0.08984375 0.05859375
1 0.0546875 0.228515625 0.1015625 0.05859375