2 0.572265625 0.13671875 0.20703125 0.265625
0 0.37890625 0.267578125 0.0625 0.07421875
0 0.37109375 0.333984375 0.0546875 0.07421875
0 0.279296875 0.611328125 0.05859375 0.08984375
0 0.236328125 0.625 0.05859375 0.1015625
0 0.119140625 0.796875 0.06640625 0.125
1 0.044921875 0.935546875 0.05078125 0.12890625
0 0.01953125 0.94921875 0.0390625 0.1015625
0 0.482421875 0.724609375 0.05078125 0.09765625
0 0.525390625 0.6953125 0.06640625 0.09375
0 0.70703125 0.6953125 0.0859375 0.109375
0 0.892578125 0.798828125 0.07421875 0.08984375
0 0.90234375 0.861328125 0.078125 0.08203125
1 0.609375 0.962890625 0.109375 0.06640625
1 0.673828125 0.705078125 0.10546875 0.12890625
1 0.78515625 0.865234375 0.078125 0.14453125