0 0.107421875 0.88671875 0.08984375 0.09375
0 0.392578125 0.330078125 0.05859375 0.08203125
0 0.38671875 0.17578125 0.0703125 0.0703125
0 0.765625 0.376953125 0.0703125 0.09765625
0 0.603515625 0.873046875 0.05078125 0.07421875
0 0.603515625 0.822265625 0.06640625 0.05078125
0 0.640625 0.861328125 0.0390625 0.08203125
0 0.01953125 0.5234375 0.03125 0.1015625
1 0.10546875 0.6875 0.078125 0.1015625
1 0.345703125 0.451171875 0.05859375 0.12109375
1 0.267578125 0.2421875 0.09765625 0.109375
1 0.46484375 0.111328125 0.078125 0.09765625
1 0.796875 0.228515625 0.09375 0.11328125
1 0.427734375 0.66796875 0.06640625 0.1171875
1 0.52734375 0.755859375 0.0703125 0.12890625
0 0.4765625 0.7109375 0.0859375 0.0859375
1 0.931640625 0.77734375 0.07421875 0.1015625
1 0.96484375 0.89453125 0.046875 0.1171875