0 0.94140625 0.09375 0.0703125 0.0859375
0 0.884765625 0.564453125 0.05078125 0.08203125
0 0.8671875 0.603515625 0.046875 0.08203125
0 0.84375 0.615234375 0.0546875 0.11328125
0 0.46484375 0.767578125 0.046875 0.09765625
0 0.421875 0.798828125 0.0625 0.08203125
0 0.25 0.4296875 0.1015625 0.0703125
0 0.19921875 0.08203125 0.0390625 0.078125
1 0.95703125 0.1484375 0.078125 0.1875
1 0.16796875 0.625 0.0546875 0.1640625
1 0.720703125 0.333984375 0.05078125 0.13671875
1 0.134765625 0.6328125 0.05859375 0.15625