2 0.86328125 0.427734375 0.265625 0.20703125
0 0.732421875 0.62109375 0.07421875 0.0625
0 0.666015625 0.62890625 0.07421875 0.0546875
0 0.388671875 0.720703125 0.08984375 0.05859375
0 0.375 0.763671875 0.1015625 0.05859375
0 0.203125 0.880859375 0.125 0.06640625
1 0.064453125 0.955078125 0.12890625 0.05078125
0 0.05078125 0.98046875 0.1015625 0.0390625
0 0.275390625 0.517578125 0.09765625 0.05078125
0 0.3046875 0.474609375 0.09375 0.06640625
0 0.3046875 0.29296875 0.109375 0.0859375
0 0.201171875 0.107421875 0.08984375 0.07421875
0 0.138671875 0.09765625 0.08203125 0.078125
1 0.037109375 0.390625 0.06640625 0.109375
1 0.294921875 0.326171875 0.12890625 0.10546875
1 0.134765625 0.21484375 0.14453125 0.078125