2 0.05078125 0.86328125 0.09375 0.265625
2 0.85546875 0.384765625 0.109375 0.30078125
1 0.115234375 0.423828125 0.05859375 0.16015625
1 0.142578125 0.4140625 0.05078125 0.1484375
1 0.16015625 0.40625 0.078125 0.203125
1 0.279296875 0.677734375 0.06640625 0.14453125
1 0.302734375 0.658203125 0.06640625 0.16015625
1 0.552734375 0.21484375 0.08203125 0.1640625
1 0.578125 0.22265625 0.09375 0.1640625
1 0.78125 0.9296875 0.0390625 0.1328125
0 0.8125 0.935546875 0.0390625 0.12109375
0 0.736328125 0.572265625 0.08203125 0.08984375
0 0.7734375 0.5703125 0.078125 0.09375