0 0.90625 0.6875 0.125 0.078125
0 0.94140625 0.423828125 0.0859375 0.05078125
0 0.95703125 0.673828125 0.0703125 0.05078125
0 0.900390625 0.666015625 0.05859375 0.05859375
0 0.546875 0.71484375 0.09375 0.0390625
0 0.501953125 0.697265625 0.09765625 0.05859375
2 0.203125 0.76171875 0.15625 0.2421875
0 0.486328125 0.544921875 0.09765625 0.05859375
0 0.642578125 0.505859375 0.08984375 0.05078125
0 0.677734375 0.46484375 0.09765625 0.0390625
0 0.341796875 0.306640625 0.09765625 0.08984375
0 0.458984375 0.115234375 0.08203125 0.06640625
0 0.46484375 0.076171875 0.078125 0.07421875
1 0.349609375 0.015625 0.12890625 0.03125
1 0.25390625 0.107421875 0.0703125 0.14453125