1 0.873046875 0.419921875 0.09765625 0.12109375
1 0.85546875 0.39453125 0.09375 0.1171875
1 0.837890625 0.939453125 0.08984375 0.09765625
1 0.50390625 0.5078125 0.046875 0.1328125
1 0.283203125 0.58984375 0.06640625 0.1171875
1 0.333984375 0.455078125 0.06640625 0.14453125
1 0.376953125 0.3828125 0.04296875 0.1484375
0 0.4296875 0.388671875 0.0703125 0.07421875
0 0.802734375 0.271484375 0.06640625 0.08203125
0 0.787109375 0.337890625 0.06640625 0.08203125
0 0.71484375 0.498046875 0.078125 0.07421875
0 0.833984375 0.591796875 0.08984375 0.07421875
0 0.21875 0.900390625 0.0703125 0.08984375
0 0.205078125 0.873046875 0.08203125 0.09765625
0 0.06640625 0.939453125 0.046875 0.08984375
0 0.08203125 0.857421875 0.046875 0.08984375
0 0.046875 0.90625 0.0546875 0.1171875
2 0.783203125 0.734375 0.10546875 0.140625