0 0.427734375 0.953125 0.08984375 0.0390625
0 0.482421875 0.9765625 0.08984375 0.03125
0 0.6015625 0.939453125 0.109375 0.06640625
0 0.666015625 0.935546875 0.10546875 0.06640625
0 0.166015625 0.603515625 0.07421875 0.04296875
0 0.44140625 0.298828125 0.1015625 0.03515625
0 0.396484375 0.26953125 0.08984375 0.0390625
0 0.626953125 0.404296875 0.10546875 0.04296875
0 0.9140625 0.548828125 0.0703125 0.06640625
0 0.751953125 0.7578125 0.12109375 0.0390625
0 0.8515625 0.2578125 0.0390625 0.09375
0 0.818359375 0.208984375 0.05078125 0.08984375
0 0.904296875 0.076171875 0.05859375 0.07421875
0 0.857421875 0.048828125 0.05859375 0.06640625
1 0.857421875 0.08203125 0.11328125 0.1015625
1 0.8046875 0.25 0.0703125 0.125
1 0.771484375 0.375 0.12109375 0.078125
1 0.814453125 0.630859375 0.12109375 0.04296875
1 0.607421875 0.505859375 0.11328125 0.08203125
1 0.134765625 0.09765625 0.12109375 0.0703125
1 0.517578125 0.802734375 0.14453125 0.08984375
1 0.509765625 0.826171875 0.12109375 0.08203125
0 0.96875 0.53125 0.0546875 0.0703125