2 0.931640625 0.93359375 0.12890625 0.125
2 0.64453125 0.912109375 0.2578125 0.16796875
2 0.23046875 0.865234375 0.3359375 0.19921875
2 0.41015625 0.125 0.25 0.25
0 0.93359375 0.189453125 0.1015625 0.07421875
0 0.61328125 0.275390625 0.078125 0.08203125
0 0.654296875 0.27734375 0.07421875 0.078125
0 0.40625 0.537109375 0.1015625 0.06640625
0 0.482421875 0.533203125 0.11328125 0.05078125
0 0.3359375 0.646484375 0.1171875 0.05078125
0 0.23828125 0.232421875 0.1171875 0.06640625
1 0.208984375 0.248046875 0.11328125 0.06640625
1 0.06640625 0.53515625 0.1171875 0.078125
1 0.08984375 0.51953125 0.15625 0.109375
1 0.314453125 0.625 0.13671875 0.0546875
1 0.775390625 0.51171875 0.13671875 0.0859375
1 0.76953125 0.4765625 0.125 0.078125