0 0.833984375 0.099609375 0.09765625 0.04296875
0 0.87890625 0.125 0.109375 0.0390625
0 0.859375 0.29296875 0.1171875 0.0390625
0 0.794921875 0.322265625 0.11328125 0.04296875
0 0.921875 0.58984375 0.1171875 0.078125
0 0.6640625 0.744140625 0.1015625 0.03515625
0 0.6171875 0.771484375 0.1015625 0.04296875
0 0.75390625 0.884765625 0.0859375 0.06640625
0 0.716796875 0.896484375 0.08984375 0.05859375
1 0.201171875 0.23828125 0.06640625 0.1171875
1 0.587890625 0.390625 0.16015625 0.0546875
2 0.400390625 0.537109375 0.16015625 0.13671875