2 0.51953125 0.3515625 0.3515625 0.234375
2 0.271484375 0.779296875 0.16015625 0.11328125
0 0.05859375 0.84765625 0.078125 0.0546875
0 0.078125 0.80859375 0.078125 0.0546875
0 0.41015625 0.822265625 0.0859375 0.09765625
0 0.505859375 0.7109375 0.08984375 0.0859375
0 0.673828125 0.791015625 0.09765625 0.07421875
0 0.72265625 0.7890625 0.09375 0.078125
0 0.46875 0.5 0.078125 0.046875
0 0.537109375 0.49609375 0.07421875 0.0625
0 0.10546875 0.21484375 0.1015625 0.0859375
0 0.140625 0.078125 0.1015625 0.0546875
0 0.07421875 0.060546875 0.109375 0.04296875
1 0.126953125 0.19921875 0.12109375 0.09375
1 0.099609375 0.0390625 0.14453125 0.046875
1 0.583984375 0.8671875 0.13671875 0.109375
1 0.60546875 0.849609375 0.140625 0.11328125