0 0.16796875 0.080078125 0.09375 0.04296875
0 0.208984375 0.109375 0.08984375 0.0390625
0 0.7421875 0.16015625 0.046875 0.1171875
0 0.6796875 0.140625 0.1015625 0.0625
1 0.576171875 0.0859375 0.12109375 0.1015625
0 0.87890625 0.263671875 0.0703125 0.04296875
0 0.84375 0.291015625 0.0859375 0.03515625
0 0.931640625 0.78515625 0.09765625 0.078125
0 0.58203125 0.4453125 0.1171875 0.0703125
1 0.599609375 0.466796875 0.11328125 0.06640625
1 0.869140625 0.720703125 0.14453125 0.05859375
2 0.830078125 0.419921875 0.23046875 0.12109375