0 0.94921875 0.755859375 0.0546875 0.06640625
0 0.96875 0.705078125 0.0390625 0.05859375
0 0.953125 0.66015625 0.078125 0.046875
1 0.904296875 0.6015625 0.08203125 0.1484375
1 0.357421875 0.291015625 0.13671875 0.06640625
1 0.099609375 0.509765625 0.14453125 0.05078125
0 0.076171875 0.533203125 0.09765625 0.03515625
0 0.361328125 0.322265625 0.12109375 0.05859375
0 0.650390625 0.662109375 0.05859375 0.10546875
0 0.54296875 0.783203125 0.1015625 0.05859375
0 0.291015625 0.8359375 0.09765625 0.078125