1 0.701171875 0.880859375 0.10546875 0.12109375
1 0.6796875 0.869140625 0.09375 0.11328125
1 0.224609375 0.796875 0.16796875 0.046875
1 0.212890625 0.76953125 0.17578125 0.0390625
1 0.3125 0.712890625 0.171875 0.06640625
1 0.306640625 0.6796875 0.16015625 0.0703125
2 0.142578125 0.271484375 0.27734375 0.40234375
0 0.625 0.642578125 0.1171875 0.03515625
1 0.650390625 0.6171875 0.22265625 0.0390625
1 0.673828125 0.587890625 0.15234375 0.03515625
1 0.86328125 0.48828125 0.1796875 0.0390625
1 0.865234375 0.458984375 0.17578125 0.04296875
0 0.740234375 0.314453125 0.08984375 0.09765625
0 0.76171875 0.2421875 0.0859375 0.09375