1 0.02734375 0.833984375 0.046875 0.12109375
1 0.408203125 0.439453125 0.15234375 0.08203125
0 0.42578125 0.46484375 0.0859375 0.0625
0 0.6171875 0.205078125 0.0546875 0.05859375
0 0.666015625 0.19140625 0.05078125 0.0625
0 0.12109375 0.927734375 0.0859375 0.10546875
0 0.2109375 0.921875 0.109375 0.046875
0 0.228515625 0.8984375 0.10546875 0.046875
0 0.470703125 0.875 0.08203125 0.078125
0 0.8671875 0.712890625 0.0546875 0.09765625
0 0.9296875 0.544921875 0.078125 0.05078125
1 0.921875 0.568359375 0.140625 0.06640625
2 0.77734375 0.302734375 0.1328125 0.23828125