1 0.1171875 0.8671875 0.1328125 0.0859375
1 0.09375 0.853515625 0.125 0.08203125
1 0.537109375 0.681640625 0.12890625 0.08984375
1 0.53125 0.650390625 0.125 0.08203125
1 0.5703125 0.771484375 0.125 0.12890625
1 0.583984375 0.7890625 0.12890625 0.125
1 0.232421875 0.55078125 0.17578125 0.0703125
1 0.23828125 0.521484375 0.1953125 0.07421875
1 0.390625 0.16796875 0.140625 0.09375
1 0.373046875 0.1484375 0.12890625 0.0859375
1 0.935546875 0.263671875 0.12109375 0.06640625
1 0.93359375 0.232421875 0.125 0.05859375