0 0.3125 0.90625 0.078125 0.125
0 0.576171875 0.94140625 0.05078125 0.0859375
0 0.326171875 0.95703125 0.05078125 0.0703125
0 0.333984375 0.900390625 0.05859375 0.05859375
0 0.28515625 0.546875 0.0390625 0.09375
0 0.302734375 0.501953125 0.05859375 0.09765625
2 0.23828125 0.203125 0.2421875 0.15625
0 0.455078125 0.486328125 0.05859375 0.09765625
0 0.494140625 0.642578125 0.05078125 0.08984375
0 0.53515625 0.677734375 0.0390625 0.09765625
0 0.693359375 0.341796875 0.08984375 0.09765625
0 0.884765625 0.458984375 0.06640625 0.08203125
0 0.923828125 0.46484375 0.07421875 0.078125
1 0.984375 0.349609375 0.03125 0.12890625
1 0.892578125 0.25390625 0.14453125 0.0703125