2 0.787109375 0.431640625 0.34765625 0.26953125
0 0.919921875 0.875 0.10546875 0.0625
0 0.908203125 0.841796875 0.12109375 0.05859375
0 0.720703125 0.875 0.10546875 0.046875
0 0.70703125 0.84375 0.109375 0.046875
0 0.564453125 0.9609375 0.08984375 0.0625
0 0.521484375 0.951171875 0.08984375 0.05859375
0 0.357421875 0.9375 0.07421875 0.1171875
0 0.2734375 0.712890625 0.109375 0.05859375
0 0.134765625 0.486328125 0.10546875 0.04296875
0 0.125 0.517578125 0.1015625 0.03515625
1 0.177734375 0.5703125 0.12890625 0.09375
1 0.37109375 0.5703125 0.1484375 0.0625
1 0.267578125 0.68359375 0.12109375 0.0625
0 0.443359375 0.619140625 0.11328125 0.06640625
0 0.484375 0.609375 0.109375 0.078125
0 0.4140625 0.212890625 0.109375 0.04296875
0 0.373046875 0.17578125 0.10546875 0.046875
0 0.24609375 0.185546875 0.1015625 0.05078125
1 0.251953125 0.15234375 0.12890625 0.0546875
1 0.83984375 0.021484375 0.203125 0.04296875
0 0.828125 0.046875 0.109375 0.0390625