1 0.1328125 0.1171875 0.0859375 0.1328125
1 0.146484375 0.09375 0.08203125 0.125
1 0.318359375 0.537109375 0.08984375 0.12890625
1 0.349609375 0.53125 0.08203125 0.125
1 0.228515625 0.5703125 0.12890625 0.125
1 0.2109375 0.583984375 0.125 0.12890625
1 0.44921875 0.232421875 0.0703125 0.17578125
1 0.478515625 0.23828125 0.07421875 0.1953125
1 0.83203125 0.390625 0.09375 0.140625
1 0.8515625 0.373046875 0.0859375 0.12890625
1 0.736328125 0.935546875 0.06640625 0.12109375
1 0.767578125 0.93359375 0.05859375 0.125