0 0.900390625 0.166015625 0.04296875 0.09765625
0 0.875 0.12109375 0.0390625 0.109375
0 0.70703125 0.140625 0.0390625 0.1171875
0 0.677734375 0.205078125 0.04296875 0.11328125
0 0.41015625 0.078125 0.078125 0.1171875
0 0.255859375 0.3359375 0.03515625 0.1015625
0 0.228515625 0.3828125 0.04296875 0.1015625
0 0.115234375 0.24609375 0.06640625 0.0859375
0 0.103515625 0.283203125 0.05859375 0.08984375
1 0.76171875 0.798828125 0.1171875 0.06640625
1 0.609375 0.412109375 0.0546875 0.16015625
2 0.462890625 0.599609375 0.13671875 0.16015625