2 0.919921875 0.40234375 0.15234375 0.1171875
2 0.90625 0.634765625 0.1796875 0.16796875
2 0.203125 0.74609375 0.203125 0.2734375
1 0.48046875 0.09375 0.1328125 0.1171875
1 0.46484375 0.0703125 0.1484375 0.125
1 0.26953125 0.1015625 0.09375 0.1328125
1 0.25 0.07421875 0.0859375 0.125
1 0.66015625 0.46484375 0.171875 0.0703125
1 0.541015625 0.71484375 0.16015625 0.0546875
1 0.53125 0.689453125 0.1875 0.06640625
0 0.34765625 0.310546875 0.1171875 0.06640625
0 0.3359375 0.279296875 0.1171875 0.06640625
0 0.494140625 0.529296875 0.16796875 0.08984375
0 0.66015625 0.494140625 0.171875 0.07421875