0 0.982421875 0.154296875 0.02734375 0.12890625
0 0.955078125 0.099609375 0.04296875 0.13671875
0 0.591796875 0.326171875 0.05078125 0.10546875
0 0.572265625 0.361328125 0.04296875 0.11328125
0 0.787109375 0.919921875 0.08203125 0.05859375
0 0.7890625 0.962890625 0.078125 0.06640625
0 0.359375 0.951171875 0.078125 0.08203125
0 0.23828125 0.072265625 0.0703125 0.10546875
2 0.642578125 0.783203125 0.14453125 0.13671875
1 0.484375 0.841796875 0.0625 0.18359375
1 0.91796875 0.52734375 0.0546875 0.1796875
1 0.892578125 0.521484375 0.05859375 0.18359375
1 0.46484375 0.224609375 0.0859375 0.12109375
1 0.4453125 0.208984375 0.0859375 0.11328125
1 0.466796875 0.509765625 0.05078125 0.22265625
1 0.033203125 0.861328125 0.05859375 0.12890625
1 0.021484375 0.810546875 0.04296875 0.12109375
1 0.037109375 0.7109375 0.07421875 0.171875