1 0.904296875 0.865234375 0.11328125 0.09765625
1 0.70703125 0.8671875 0.1171875 0.0859375
0 0.5390625 0.966796875 0.1015625 0.04296875
0 0.353515625 0.94921875 0.05859375 0.09375
0 0.28125 0.728515625 0.078125 0.05078125
0 0.244140625 0.6875 0.08203125 0.0546875
0 0.19140625 0.583984375 0.0859375 0.08203125
0 0.349609375 0.580078125 0.09765625 0.06640625
0 0.392578125 0.205078125 0.11328125 0.08203125
1 0.126953125 0.5078125 0.11328125 0.0859375
1 0.79296875 0.0390625 0.125 0.078125
1 0.904296875 0.017578125 0.13671875 0.03515625
1 0.4609375 0.625 0.140625 0.0546875
1 0.22265625 0.19921875 0.0703125 0.046875
1 0.267578125 0.15625 0.08203125 0.0546875
0 0.88671875 0.375 0.0859375 0.0703125
0 0.837890625 0.375 0.06640625 0.0625
0 0.875 0.33203125 0.09375 0.0390625
0 0.724609375 0.49609375 0.10546875 0.0859375
1 0.7734375 0.44140625 0.140625 0.0703125
0 0.71484375 0.53125 0.078125 0.0390625
0 0.66015625 0.552734375 0.078125 0.05078125