0 0.892578125 0.11328125 0.08984375 0.09375
0 0.607421875 0.669921875 0.05859375 0.08203125
0 0.61328125 0.82421875 0.0703125 0.0703125
0 0.234375 0.623046875 0.0703125 0.09765625
0 0.396484375 0.126953125 0.05078125 0.07421875
0 0.396484375 0.177734375 0.06640625 0.05078125
0 0.359375 0.138671875 0.0390625 0.08203125
0 0.98046875 0.4765625 0.03125 0.1015625
1 0.89453125 0.3125 0.078125 0.1015625
1 0.654296875 0.548828125 0.05859375 0.12109375
1 0.732421875 0.7578125 0.09765625 0.109375
1 0.53515625 0.888671875 0.078125 0.09765625
1 0.203125 0.771484375 0.09375 0.11328125
1 0.572265625 0.33203125 0.06640625 0.1171875
1 0.47265625 0.244140625 0.0703125 0.12890625
0 0.5234375 0.2890625 0.0859375 0.0859375
1 0.068359375 0.22265625 0.07421875 0.1015625
1 0.03515625 0.10546875 0.046875 0.1171875