2 0.400390625 0.45703125 0.17578125 0.1484375
0 0.849609375 0.8984375 0.12890625 0.0390625
0 0.203125 0.77734375 0.0703125 0.0703125
0 0.20703125 0.724609375 0.0703125 0.07421875
0 0.5625 0.609375 0.1015625 0.0703125
0 0.615234375 0.59765625 0.10546875 0.0546875
0 0.958984375 0.41796875 0.07421875 0.0546875
1 0.9296875 0.396484375 0.1328125 0.08984375
1 0.83984375 0.703125 0.1484375 0.0390625
1 0.81640625 0.67578125 0.1640625 0.046875
1 0.650390625 0.255859375 0.14453125 0.03515625
1 0.630859375 0.224609375 0.14453125 0.04296875
1 0.744140625 0.115234375 0.11328125 0.07421875
1 0.728515625 0.09375 0.12109375 0.0703125