2 0.453125 0.568359375 0.15625 0.22265625
2 0.326171875 0.193359375 0.33203125 0.17578125
2 0.640625 0.08203125 0.2734375 0.1640625
1 0.193359375 0.353515625 0.13671875 0.10546875
1 0.2109375 0.33203125 0.140625 0.1171875
1 0.84375 0.974609375 0.1640625 0.04296875
1 0.833984375 0.951171875 0.13671875 0.04296875
2 0.9140625 0.79296875 0.1640625 0.2421875
0 0.8828125 0.529296875 0.1171875 0.06640625
0 0.873046875 0.4921875 0.10546875 0.0703125
1 0.0546875 0.818359375 0.09375 0.06640625
1 0.0625 0.7890625 0.109375 0.078125