1 0.689453125 0.888671875 0.10546875 0.07421875
0 0.228515625 0.8125 0.07421875 0.0390625
0 0.173828125 0.791015625 0.07421875 0.04296875
1 0.306640625 0.712890625 0.12109375 0.08984375
1 0.0390625 0.306640625 0.046875 0.12890625
1 0.640625 0.623046875 0.1171875 0.05859375
1 0.951171875 0.552734375 0.08984375 0.05078125
0 0.068359375 0.15234375 0.08984375 0.109375
0 0.20703125 0.248046875 0.1171875 0.05859375
0 0.744140625 0.3046875 0.05859375 0.09375
0 0.822265625 0.5 0.08984375 0.0546875
0 0.87890625 0.46875 0.09375 0.0390625
0 0.673828125 0.642578125 0.08203125 0.04296875