1 0.1015625 0.17578125 0.0703125 0.1328125
1 0.4921875 0.287109375 0.1015625 0.11328125
0 0.7109375 0.404296875 0.0546875 0.06640625
0 0.76171875 0.36328125 0.0625 0.0703125
0 0.8828125 0.197265625 0.0546875 0.09765625
0 0.955078125 0.072265625 0.05078125 0.10546875
0 0.39453125 0.041015625 0.0859375 0.05078125
0 0.21484375 0.134765625 0.0703125 0.11328125
0 0.287109375 0.296875 0.06640625 0.0859375
0 0.328125 0.302734375 0.0859375 0.09765625
0 0.3515625 0.787109375 0.046875 0.10546875
0 0.369140625 0.8671875 0.05078125 0.1171875
1 0.412109375 0.90625 0.07421875 0.1328125
1 0.5 0.93359375 0.0546875 0.125
1 0.619140625 0.70703125 0.05859375 0.1171875