1 0.81640625 0.826171875 0.125 0.06640625
1 0.1640625 0.513671875 0.1328125 0.08203125
0 0.052734375 0.576171875 0.09765625 0.04296875
0 0.32421875 0.912109375 0.0859375 0.06640625
0 0.7109375 0.740234375 0.1015625 0.08203125
0 0.337890625 0.66796875 0.08203125 0.046875
0 0.37890625 0.650390625 0.109375 0.05078125
0 0.271484375 0.333984375 0.05859375 0.08984375
0 0.35546875 0.02734375 0.109375 0.0546875
0 0.978515625 0.33203125 0.04296875 0.109375
0 0.947265625 0.17578125 0.08203125 0.1015625
0 0.8046875 0.2734375 0.1015625 0.0546875