0 0.05078125 0.244140625 0.0546875 0.06640625
0 0.03125 0.294921875 0.0390625 0.05859375
0 0.046875 0.33984375 0.078125 0.046875
1 0.095703125 0.3984375 0.08203125 0.1484375
1 0.642578125 0.708984375 0.13671875 0.06640625
1 0.900390625 0.490234375 0.14453125 0.05078125
0 0.923828125 0.466796875 0.09765625 0.03515625
0 0.638671875 0.677734375 0.12109375 0.05859375
0 0.349609375 0.337890625 0.05859375 0.10546875
0 0.45703125 0.216796875 0.1015625 0.05859375
0 0.708984375 0.1640625 0.09765625 0.078125