1 0.8984375 0.82421875 0.0703125 0.1328125
1 0.5078125 0.712890625 0.1015625 0.11328125
0 0.2890625 0.595703125 0.0546875 0.06640625
0 0.23828125 0.63671875 0.0625 0.0703125
0 0.1171875 0.802734375 0.0546875 0.09765625
0 0.044921875 0.927734375 0.05078125 0.10546875
0 0.60546875 0.958984375 0.0859375 0.05078125
0 0.78515625 0.865234375 0.0703125 0.11328125
0 0.712890625 0.703125 0.06640625 0.0859375
0 0.671875 0.697265625 0.0859375 0.09765625
0 0.6484375 0.212890625 0.046875 0.10546875
0 0.630859375 0.1328125 0.05078125 0.1171875
1 0.587890625 0.09375 0.07421875 0.1328125
1 0.5 0.06640625 0.0546875 0.125
1 0.380859375 0.29296875 0.05859375 0.1171875