2 0.48046875 0.6484375 0.3515625 0.234375
2 0.728515625 0.220703125 0.16015625 0.11328125
0 0.94140625 0.15234375 0.078125 0.0546875
0 0.921875 0.19140625 0.078125 0.0546875
0 0.58984375 0.177734375 0.0859375 0.09765625
0 0.494140625 0.2890625 0.08984375 0.0859375
0 0.326171875 0.208984375 0.09765625 0.07421875
0 0.27734375 0.2109375 0.09375 0.078125
0 0.53125 0.5 0.078125 0.046875
0 0.462890625 0.50390625 0.07421875 0.0625
0 0.89453125 0.78515625 0.1015625 0.0859375
0 0.859375 0.921875 0.1015625 0.0546875
0 0.92578125 0.939453125 0.109375 0.04296875
1 0.873046875 0.80078125 0.12109375 0.09375
1 0.900390625 0.9609375 0.14453125 0.046875
1 0.416015625 0.1328125 0.13671875 0.109375
1 0.39453125 0.150390625 0.140625 0.11328125