2 0.564453125 0.138671875 0.20703125 0.26953125
0 0.375 0.3203125 0.0703125 0.09375
0 0.888671875 0.845703125 0.09765625 0.11328125
0 0.779296875 0.890625 0.07421875 0.0859375
0 0.775390625 0.833984375 0.07421875 0.10546875
0 0.69921875 0.697265625 0.109375 0.14453125
1 0.681640625 0.712890625 0.13671875 0.17578125
1 0.51171875 0.70703125 0.078125 0.140625
1 0.482421875 0.7109375 0.07421875 0.125
1 0.61328125 0.958984375 0.1484375 0.08203125
0 0.033203125 0.88671875 0.06640625 0.109375
1 0.1171875 0.78515625 0.0859375 0.171875
1 0.23828125 0.609375 0.0859375 0.140625
0 0.26953125 0.6171875 0.078125 0.125
1 0.36328125 0.28125 0.078125 0.09375
1 0.8984375 0.8125 0.09375 0.125