0 0.123046875 0.20703125 0.07421875 0.0859375
0 0.166015625 0.171875 0.05078125 0.09375
0 0.220703125 0.171875 0.09765625 0.0625
0 0.27734375 0.130859375 0.09375 0.04296875
0 0.275390625 0.880859375 0.07421875 0.08203125
0 0.298828125 0.921875 0.03515625 0.1015625
0 0.421875 0.46484375 0.0546875 0.078125
0 0.6640625 0.32421875 0.078125 0.0703125
0 0.857421875 0.236328125 0.10546875 0.05859375
0 0.9609375 0.33984375 0.0390625 0.0859375
1 0.26171875 0.505859375 0.0546875 0.12890625
1 0.478515625 0.64453125 0.09765625 0.1171875
1 0.869140625 0.439453125 0.12109375 0.08984375
1 0.568359375 0.931640625 0.04296875 0.12890625
1 0.54296875 0.94921875 0.046875 0.09375