0 0.689453125 0.041015625 0.05078125 0.07421875
1 0.736328125 0.091796875 0.11328125 0.06640625
1 0.333984375 0.048828125 0.12109375 0.04296875
1 0.171875 0.55859375 0.1328125 0.0703125
1 0.47265625 0.501953125 0.125 0.08203125
0 0.427734375 0.126953125 0.08203125 0.04296875
0 0.369140625 0.10546875 0.06640625 0.0703125
0 0.28125 0.025390625 0.09375 0.04296875
0 0.376953125 0.021484375 0.10546875 0.03515625
0 0.041015625 0.5390625 0.05078125 0.09375
0 0.853515625 0.46484375 0.16015625 0.0546875
0 0.896484375 0.240234375 0.10546875 0.05078125
0 0.916015625 0.779296875 0.08203125 0.04296875