0 0.05078125 0.755859375 0.0546875 0.06640625
0 0.03125 0.705078125 0.0390625 0.05859375
0 0.046875 0.66015625 0.078125 0.046875
1 0.095703125 0.6015625 0.08203125 0.1484375
1 0.642578125 0.291015625 0.13671875 0.06640625
1 0.900390625 0.509765625 0.14453125 0.05078125
0 0.923828125 0.533203125 0.09765625 0.03515625
0 0.638671875 0.322265625 0.12109375 0.05859375
0 0.349609375 0.662109375 0.05859375 0.10546875
0 0.45703125 0.783203125 0.1015625 0.05859375
0 0.708984375 0.8359375 0.09765625 0.078125