0 0.943359375 0.13671875 0.05859375 0.125
0 0.978515625 0.6328125 0.03515625 0.0859375
0 0.958984375 0.681640625 0.04296875 0.08984375
0 0.833984375 0.65625 0.08984375 0.0625
0 0.830078125 0.599609375 0.04296875 0.09765625
1 0.853515625 0.671875 0.10546875 0.078125
1 0.51171875 0.912109375 0.046875 0.15234375
1 0.330078125 0.75390625 0.05859375 0.1484375
1 0.482421875 0.486328125 0.04296875 0.13671875
1 0.40625 0.234375 0.0546875 0.125
1 0.30859375 0.103515625 0.140625 0.08203125
1 0.162109375 0.1015625 0.10546875 0.0546875
0 0.177734375 0.15234375 0.08984375 0.0546875
0 0.119140625 0.158203125 0.09765625 0.08984375
0 0.4140625 0.06640625 0.078125 0.0546875
0 0.478515625 0.20703125 0.08203125 0.078125
0 0.572265625 0.310546875 0.07421875 0.09765625
0 0.572265625 0.48828125 0.06640625 0.1015625
0 0.544921875 0.744140625 0.04296875 0.10546875
1 0.431640625 0.05078125 0.12109375 0.078125