1 0.1484375 0.353515625 0.0625 0.14453125
0 0.111328125 0.314453125 0.08203125 0.07421875
0 0.029296875 0.845703125 0.05078125 0.09765625
0 0.3984375 0.677734375 0.0703125 0.08984375
0 0.40234375 0.49609375 0.0625 0.0859375
0 0.427734375 0.2421875 0.05078125 0.1015625
1 0.4609375 0.0703125 0.046875 0.125
1 0.640625 0.23046875 0.046875 0.125
1 0.4921875 0.5 0.046875 0.125
1 0.6640625 0.880859375 0.1171875 0.07421875
1 0.5390625 0.939453125 0.1015625 0.06640625
1 0.5703125 0.751953125 0.0546875 0.09765625
0 0.48828125 0.78125 0.078125 0.078125
0 0.556640625 0.9140625 0.06640625 0.0546875
0 0.80859375 0.876953125 0.09375 0.05859375
0 0.79296875 0.833984375 0.078125 0.04296875
0 0.853515625 0.826171875 0.07421875 0.08203125
0 0.962890625 0.751953125 0.07421875 0.05859375