0 0.779296875 0.654296875 0.08984375 0.04296875
0 0.857421875 0.63671875 0.08984375 0.0390625
0 0.91015625 0.59375 0.109375 0.0625
1 0.9375 0.505859375 0.1171875 0.05078125
1 0.70703125 0.388671875 0.1015625 0.05078125
1 0.37890625 0.267578125 0.0859375 0.09765625
0 0.28125 0.51171875 0.09375 0.0859375
0 0.1953125 0.126953125 0.078125 0.05078125
0 0.07421875 0.052734375 0.0859375 0.03515625
0 0.041015625 0.603515625 0.05078125 0.07421875
0 0.134765625 0.794921875 0.08984375 0.05859375
0 0.169921875 0.90625 0.10546875 0.0625
0 0.2890625 0.720703125 0.078125 0.05859375
0 0.306640625 0.671875 0.08203125 0.078125