1 0.6171875 0.970703125 0.1484375 0.05078125
1 0.501953125 0.83203125 0.09765625 0.0703125
1 0.12109375 0.619140625 0.1015625 0.05859375
1 0.40234375 0.318359375 0.1171875 0.06640625
1 0.810546875 0.265625 0.07421875 0.109375
1 0.85546875 0.095703125 0.09375 0.08203125
1 0.923828125 0.576171875 0.10546875 0.05859375
0 0.732421875 0.7890625 0.08984375 0.0390625
0 0.79296875 0.6640625 0.0859375 0.046875
0 0.587890625 0.537109375 0.08203125 0.06640625
0 0.60546875 0.4375 0.078125 0.0390625
0 0.74609375 0.408203125 0.0859375 0.05859375
0 0.83984375 0.1171875 0.0703125 0.0703125
0 0.787109375 0.279296875 0.05859375 0.08984375
0 0.4921875 0.86328125 0.0859375 0.0625
0 0.115234375 0.12890625 0.08984375 0.0625