0 0.94921875 0.244140625 0.0546875 0.06640625
0 0.96875 0.294921875 0.0390625 0.05859375
0 0.953125 0.33984375 0.078125 0.046875
1 0.904296875 0.3984375 0.08203125 0.1484375
1 0.357421875 0.708984375 0.13671875 0.06640625
1 0.099609375 0.490234375 0.14453125 0.05078125
0 0.076171875 0.466796875 0.09765625 0.03515625
0 0.361328125 0.677734375 0.12109375 0.05859375
0 0.650390625 0.337890625 0.05859375 0.10546875
0 0.54296875 0.216796875 0.1015625 0.05859375
0 0.291015625 0.1640625 0.09765625 0.078125