2 0.759765625 0.796875 0.24609375 0.1640625
2 0.669921875 0.0859375 0.11328125 0.1640625
2 0.41015625 0.0703125 0.1015625 0.1328125
0 0.501953125 0.341796875 0.06640625 0.12890625
0 0.71484375 0.466796875 0.046875 0.12109375
0 0.32421875 0.63671875 0.0546875 0.0859375
0 0.27734375 0.681640625 0.0625 0.08984375
0 0.126953125 0.744140625 0.09765625 0.08203125
0 0.060546875 0.73828125 0.08203125 0.0703125
0 0.080078125 0.548828125 0.09765625 0.11328125
0 0.10546875 0.537109375 0.09375 0.09765625
1 0.46875 0.333984375 0.0625 0.12109375
1 0.5390625 0.51171875 0.0703125 0.125
1 0.6953125 0.482421875 0.0546875 0.13671875