1 0.45703125 0.958984375 0.125 0.04296875
1 0.611328125 0.59375 0.16796875 0.1015625
1 0.607421875 0.19921875 0.13671875 0.0859375
2 0.220703125 0.435546875 0.30859375 0.26171875
0 0.068359375 0.87890625 0.08203125 0.0546875
0 0.111328125 0.837890625 0.08984375 0.05859375
0 0.271484375 0.875 0.08203125 0.046875
0 0.30859375 0.841796875 0.0859375 0.04296875
0 0.64453125 0.94140625 0.0625 0.109375
0 0.720703125 0.720703125 0.08984375 0.05078125
0 0.74609375 0.677734375 0.09375 0.05078125
0 0.806640625 0.576171875 0.08984375 0.08203125
0 0.8828125 0.51953125 0.078125 0.0390625
0 0.85546875 0.486328125 0.078125 0.04296875
0 0.765625 0.1875 0.09375 0.0546875
0 0.736328125 0.150390625 0.08984375 0.05078125
0 0.177734375 0.048828125 0.08203125 0.03515625
1 0.177734375 0.017578125 0.15234375 0.03515625
0 0.50390625 0.6171875 0.0859375 0.0625