0 0.345703125 0.779296875 0.04296875 0.08984375
0 0.36328125 0.857421875 0.0390625 0.08984375
0 0.40625 0.91015625 0.0625 0.109375
1 0.494140625 0.9375 0.05078125 0.1171875
1 0.611328125 0.70703125 0.05078125 0.1015625
1 0.732421875 0.37890625 0.09765625 0.0859375
0 0.48828125 0.28125 0.0859375 0.09375
0 0.873046875 0.1953125 0.05078125 0.078125
0 0.947265625 0.07421875 0.03515625 0.0859375
0 0.396484375 0.041015625 0.07421875 0.05078125
0 0.205078125 0.134765625 0.05859375 0.08984375
0 0.09375 0.169921875 0.0625 0.10546875
0 0.279296875 0.2890625 0.05859375 0.078125
0 0.328125 0.306640625 0.078125 0.08203125