1 0.111328125 0.689453125 0.07421875 0.10546875
0 0.1875 0.228515625 0.0390625 0.07421875
0 0.208984375 0.173828125 0.04296875 0.07421875
1 0.287109375 0.306640625 0.08984375 0.12109375
1 0.693359375 0.0390625 0.12890625 0.046875
1 0.376953125 0.640625 0.05859375 0.1171875
1 0.447265625 0.951171875 0.05078125 0.08984375
0 0.84765625 0.068359375 0.109375 0.08984375
0 0.751953125 0.20703125 0.05859375 0.1171875
0 0.6953125 0.744140625 0.09375 0.05859375
0 0.5 0.822265625 0.0546875 0.08984375
0 0.53125 0.87890625 0.0390625 0.09375
0 0.357421875 0.673828125 0.04296875 0.08203125