2 0.20703125 0.43359375 0.359375 0.28125
2 0.58203125 0.59375 0.25 0.125
2 0.84765625 0.53515625 0.171875 0.140625
2 0.677734375 0.171875 0.30078125 0.1015625
1 0.1796875 0.044921875 0.1484375 0.04296875
1 0.7265625 0.708984375 0.1484375 0.05859375
0 0.69140625 0.6953125 0.0859375 0.0390625
0 0.763671875 0.669921875 0.08984375 0.04296875
0 0.65625 0.900390625 0.0859375 0.07421875
0 0.47265625 0.943359375 0.1171875 0.07421875
1 0.4453125 0.9609375 0.1171875 0.0703125
1 0.291015625 0.8671875 0.14453125 0.046875
1 0.283203125 0.83984375 0.14453125 0.0546875
2 0.0859375 0.8515625 0.1640625 0.0859375