0 0.654296875 0.220703125 0.04296875 0.08984375
0 0.63671875 0.142578125 0.0390625 0.08984375
0 0.59375 0.08984375 0.0625 0.109375
1 0.505859375 0.0625 0.05078125 0.1171875
1 0.388671875 0.29296875 0.05078125 0.1015625
1 0.267578125 0.62109375 0.09765625 0.0859375
0 0.51171875 0.71875 0.0859375 0.09375
0 0.126953125 0.8046875 0.05078125 0.078125
0 0.052734375 0.92578125 0.03515625 0.0859375
0 0.603515625 0.958984375 0.07421875 0.05078125
0 0.794921875 0.865234375 0.05859375 0.08984375
0 0.90625 0.830078125 0.0625 0.10546875
0 0.720703125 0.7109375 0.05859375 0.078125
0 0.671875 0.693359375 0.078125 0.08203125