2 0.57421875 0.78515625 0.1484375 0.15625
2 0.755859375 0.85546875 0.48046875 0.28125
2 0.501953125 0.5078125 0.16796875 0.171875
2 0.130859375 0.359375 0.24609375 0.21875
1 0.0625 0.875 0.0546875 0.15625
0 0.087890625 0.853515625 0.04296875 0.14453125
0 0.46484375 0.234375 0.0546875 0.125
0 0.484375 0.287109375 0.046875 0.11328125
0 0.42578125 0.7109375 0.046875 0.125
1 0.4609375 0.67578125 0.046875 0.1484375
1 0.498046875 0.1015625 0.09765625 0.1875
1 0.515625 0.08203125 0.0859375 0.1484375
1 0.673828125 0.240234375 0.05078125 0.17578125
1 0.701171875 0.248046875 0.05078125 0.16796875