0 0.017578125 0.845703125 0.02734375 0.12890625
0 0.044921875 0.900390625 0.04296875 0.13671875
0 0.408203125 0.673828125 0.05078125 0.10546875
0 0.427734375 0.638671875 0.04296875 0.11328125
0 0.212890625 0.080078125 0.08203125 0.05859375
0 0.2109375 0.037109375 0.078125 0.06640625
0 0.640625 0.048828125 0.078125 0.08203125
0 0.76171875 0.927734375 0.0703125 0.10546875
2 0.357421875 0.216796875 0.14453125 0.13671875
1 0.515625 0.158203125 0.0625 0.18359375
1 0.08203125 0.47265625 0.0546875 0.1796875
1 0.107421875 0.478515625 0.05859375 0.18359375
1 0.53515625 0.775390625 0.0859375 0.12109375
1 0.5546875 0.791015625 0.0859375 0.11328125
1 0.533203125 0.490234375 0.05078125 0.22265625
1 0.966796875 0.138671875 0.05859375 0.12890625
1 0.978515625 0.189453125 0.04296875 0.12109375
1 0.962890625 0.2890625 0.07421875 0.171875