1 0.3828125 0.970703125 0.1484375 0.05078125
1 0.498046875 0.83203125 0.09765625 0.0703125
1 0.87890625 0.619140625 0.1015625 0.05859375
1 0.59765625 0.318359375 0.1171875 0.06640625
1 0.189453125 0.265625 0.07421875 0.109375
1 0.14453125 0.095703125 0.09375 0.08203125
1 0.076171875 0.576171875 0.10546875 0.05859375
0 0.267578125 0.7890625 0.08984375 0.0390625
0 0.20703125 0.6640625 0.0859375 0.046875
0 0.412109375 0.537109375 0.08203125 0.06640625
0 0.39453125 0.4375 0.078125 0.0390625
0 0.25390625 0.408203125 0.0859375 0.05859375
0 0.16015625 0.1171875 0.0703125 0.0703125
0 0.212890625 0.279296875 0.05859375 0.08984375
0 0.5078125 0.86328125 0.0859375 0.0625
0 0.884765625 0.12890625 0.08984375 0.0625