0 0.525390625 0.9765625 0.11328125 0.0390625
0 0.84375 0.591796875 0.109375 0.04296875
0 0.88671875 0.103515625 0.0859375 0.03515625
0 0.845703125 0.072265625 0.08984375 0.03515625
0 0.576171875 0.29296875 0.12109375 0.03125
0 0.595703125 0.2578125 0.11328125 0.0390625
0 0.380859375 0.515625 0.08203125 0.0390625
0 0.40625 0.484375 0.09375 0.0390625
0 0.220703125 0.625 0.08984375 0.0546875
0 0.146484375 0.625 0.08984375 0.046875
0 0.041015625 0.537109375 0.07421875 0.08203125
0 0.080078125 0.537109375 0.09765625 0.08203125
2 0.13671875 0.06640625 0.140625 0.1171875
2 0.279296875 0.2890625 0.31640625 0.265625
1 0.248046875 0.751953125 0.14453125 0.04296875
1 0.384765625 0.939453125 0.15234375 0.08203125
1 0.35546875 0.919921875 0.140625 0.07421875
2 0.48828125 0.806640625 0.1875 0.14453125
0 0.896484375 0.390625 0.10546875 0.0390625