1 0.845703125 0.091796875 0.16796875 0.14453125
1 0.76171875 0.189453125 0.0546875 0.18359375
1 0.361328125 0.66796875 0.05859375 0.140625
0 0.669921875 0.04296875 0.09765625 0.0546875
0 0.71484375 0.033203125 0.1015625 0.05859375
0 0.1953125 0.21484375 0.0390625 0.1171875
0 0.22265625 0.197265625 0.0390625 0.12109375
0 0.275390625 0.328125 0.05078125 0.125
0 0.318359375 0.29296875 0.05859375 0.1171875
0 0.119140625 0.66796875 0.08984375 0.0703125
0 0.123046875 0.703125 0.08984375 0.0703125
0 0.375 0.603515625 0.0390625 0.08984375
0 0.40234375 0.681640625 0.03125 0.11328125
0 0.46484375 0.953125 0.046875 0.0859375
1 0.5078125 0.849609375 0.046875 0.12890625
1 0.53515625 0.869140625 0.0390625 0.12109375
0 0.70703125 0.744140625 0.1484375 0.08984375