2 0.13671875 0.94921875 0.265625 0.09375
2 0.615234375 0.14453125 0.30078125 0.109375
1 0.576171875 0.884765625 0.16015625 0.05859375
1 0.5859375 0.857421875 0.1484375 0.05078125
1 0.59375 0.83984375 0.203125 0.078125
1 0.322265625 0.720703125 0.14453125 0.06640625
1 0.341796875 0.697265625 0.16015625 0.06640625
1 0.78515625 0.447265625 0.1640625 0.08203125
1 0.77734375 0.421875 0.1640625 0.09375
1 0.0703125 0.21875 0.1328125 0.0390625
0 0.064453125 0.1875 0.12109375 0.0390625
0 0.427734375 0.263671875 0.08984375 0.08203125
0 0.4296875 0.2265625 0.09375 0.078125