1 0.033203125 0.87109375 0.05859375 0.171875
1 0.1015625 0.4921875 0.046875 0.140625
1 0.208984375 0.056640625 0.08203125 0.11328125
1 0.353515625 0.236328125 0.11328125 0.09765625
1 0.509765625 0.154296875 0.05859375 0.14453125
1 0.525390625 0.490234375 0.04296875 0.16796875
1 0.7578125 0.931640625 0.0703125 0.12890625
0 0.958984375 0.30859375 0.06640625 0.125
0 0.96875 0.125 0.046875 0.1015625
0 0.978515625 0.193359375 0.04296875 0.09765625
0 0.53515625 0.763671875 0.0703125 0.08203125
0 0.544921875 0.798828125 0.07421875 0.08984375
0 0.080078125 0.462890625 0.05078125 0.12890625
0 0.3515625 0.201171875 0.1015625 0.08984375
0 0.421875 0.625 0.0390625 0.0859375
0 0.404296875 0.685546875 0.04296875 0.08203125
1 0.630859375 0.046875 0.08984375 0.09375