2 0.197265625 0.916015625 0.23828125 0.12890625
0 0.68359375 0.93359375 0.078125 0.0625
0 0.75390625 0.54296875 0.078125 0.0859375
0 0.2890625 0.677734375 0.109375 0.05078125
0 0.423828125 0.580078125 0.08203125 0.04296875
0 0.193359375 0.283203125 0.09765625 0.05078125
0 0.296875 0.12890625 0.0390625 0.0859375
0 0.609375 0.3203125 0.0859375 0.0625
0 0.888671875 0.23046875 0.08984375 0.0546875
1 0.326171875 0.17578125 0.05078125 0.1484375
1 0.4296875 0.072265625 0.140625 0.05859375
1 0.064453125 0.5703125 0.12109375 0.0703125