2 0.23046875 0.197265625 0.234375 0.15234375
0 0.29296875 0.48828125 0.0546875 0.078125
0 0.28125 0.55078125 0.046875 0.078125
0 0.306640625 0.896484375 0.07421875 0.09765625
1 0.322265625 0.931640625 0.05078125 0.11328125
1 0.6015625 0.923828125 0.046875 0.10546875
1 0.884765625 0.251953125 0.12109375 0.05859375
0 0.685546875 0.341796875 0.08203125 0.08203125
0 0.447265625 0.482421875 0.05078125 0.08203125
0 0.490234375 0.630859375 0.05859375 0.07421875
0 0.52734375 0.681640625 0.0390625 0.08984375
0 0.873046875 0.44921875 0.06640625 0.0703125
0 0.921875 0.46484375 0.0625 0.0703125
0 0.982421875 0.353515625 0.03515625 0.10546875