2 0.119140625 0.21875 0.15234375 0.265625
2 0.0625 0.640625 0.1171875 0.1953125
1 0.35546875 0.31640625 0.0546875 0.1484375
1 0.751953125 0.21875 0.05078125 0.125
1 0.4921875 0.7734375 0.109375 0.109375
0 0.466796875 0.046875 0.06640625 0.0703125
0 0.4609375 0.103515625 0.0703125 0.08984375
0 0.45703125 0.443359375 0.046875 0.12109375
0 0.71484375 0.625 0.0703125 0.1015625
0 0.80078125 0.90625 0.0625 0.1171875
0 0.95703125 0.478515625 0.0546875 0.08984375
0 0.958984375 0.40625 0.06640625 0.09375
0 0.90625 0.318359375 0.109375 0.03515625
1 0.876953125 0.349609375 0.20703125 0.05078125