0 0.0234375 0.474609375 0.0390625 0.11328125
0 0.408203125 0.15625 0.04296875 0.109375
0 0.896484375 0.11328125 0.03515625 0.0859375
0 0.927734375 0.154296875 0.03515625 0.08984375
0 0.70703125 0.423828125 0.03125 0.12109375
0 0.7421875 0.404296875 0.0390625 0.11328125
0 0.484375 0.619140625 0.0390625 0.08203125
0 0.515625 0.59375 0.0390625 0.09375
0 0.375 0.779296875 0.0546875 0.08984375
0 0.375 0.853515625 0.046875 0.08984375
0 0.462890625 0.958984375 0.08203125 0.07421875
0 0.462890625 0.919921875 0.08203125 0.09765625
2 0.93359375 0.86328125 0.1171875 0.140625
2 0.7109375 0.720703125 0.265625 0.31640625
1 0.248046875 0.751953125 0.04296875 0.14453125
1 0.060546875 0.615234375 0.08203125 0.15234375
1 0.080078125 0.64453125 0.07421875 0.140625
2 0.193359375 0.51171875 0.14453125 0.1875
0 0.609375 0.103515625 0.0390625 0.10546875