1 0.9375 0.833984375 0.0703125 0.11328125
0 0.951171875 0.453125 0.08203125 0.0859375
0 0.888671875 0.33203125 0.05078125 0.078125
0 0.87109375 0.279296875 0.09375 0.03515625
0 0.603515625 0.17578125 0.03515625 0.09375
0 0.587890625 0.435546875 0.06640625 0.08984375
0 0.5703125 0.4140625 0.0546875 0.0859375
0 0.24609375 0.08203125 0.046875 0.078125
0 0.318359375 0.15625 0.04296875 0.109375
1 0.755859375 0.162109375 0.05859375 0.10546875
1 0.630859375 0.208984375 0.05078125 0.18359375
1 0.576171875 0.158203125 0.04296875 0.12109375