0 0.365234375 0.974609375 0.09765625 0.03515625
0 0.330078125 0.951171875 0.10546875 0.04296875
0 0.408203125 0.82421875 0.11328125 0.0390625
0 0.34765625 0.830078125 0.0703125 0.10546875
1 0.330078125 0.8515625 0.08984375 0.125
1 0.8671875 0.9375 0.140625 0.0625
2 0.89453125 0.2734375 0.1875 0.421875
0 0.79296875 0.46875 0.0859375 0.09375
0 0.75 0.40625 0.078125 0.046875
0 0.791015625 0.390625 0.08203125 0.0390625
0 0.697265625 0.56640625 0.12109375 0.078125
0 0.513671875 0.560546875 0.11328125 0.06640625
0 0.54296875 0.478515625 0.078125 0.05859375
0 0.48828125 0.47265625 0.0859375 0.0546875
0 0.259765625 0.537109375 0.12109375 0.04296875
0 0.11328125 0.50390625 0.09375 0.0625
0 0.0546875 0.505859375 0.078125 0.05859375
0 0.216796875 0.3359375 0.09765625 0.046875
0 0.267578125 0.314453125 0.09765625 0.03515625