1 0.8515625 0.646484375 0.0625 0.14453125
0 0.888671875 0.685546875 0.08203125 0.07421875
0 0.970703125 0.154296875 0.05078125 0.09765625
0 0.6015625 0.322265625 0.0703125 0.08984375
0 0.59765625 0.50390625 0.0625 0.0859375
0 0.572265625 0.7578125 0.05078125 0.1015625
1 0.5390625 0.9296875 0.046875 0.125
1 0.359375 0.76953125 0.046875 0.125
1 0.5078125 0.5 0.046875 0.125
1 0.3359375 0.119140625 0.1171875 0.07421875
1 0.4609375 0.060546875 0.1015625 0.06640625
1 0.4296875 0.248046875 0.0546875 0.09765625
0 0.51171875 0.21875 0.078125 0.078125
0 0.443359375 0.0859375 0.06640625 0.0546875
0 0.19140625 0.123046875 0.09375 0.05859375
0 0.20703125 0.166015625 0.078125 0.04296875
0 0.146484375 0.173828125 0.07421875 0.08203125
0 0.037109375 0.248046875 0.07421875 0.05859375