0 0.82421875 0.08203125 0.109375 0.046875
0 0.796875 0.111328125 0.1015625 0.03515625
0 0.45703125 0.064453125 0.078125 0.06640625
0 0.396484375 0.11328125 0.05859375 0.0703125
1 0.3203125 0.140625 0.109375 0.0859375
1 0.251953125 0.166015625 0.04296875 0.13671875
0 0.193359375 0.048828125 0.08984375 0.05859375
0 0.126953125 0.267578125 0.08984375 0.04296875
0 0.15234375 0.29296875 0.09375 0.0390625
0 0.4140625 0.44921875 0.140625 0.078125
1 0.3984375 0.470703125 0.1328125 0.07421875
0 0.154296875 0.71484375 0.08984375 0.046875
0 0.078125 0.744140625 0.0703125 0.07421875
0 0.07421875 0.77734375 0.109375 0.0859375
2 0.169921875 0.431640625 0.23828125 0.13671875