1 0.8671875 0.8828125 0.0859375 0.1328125
1 0.853515625 0.90625 0.08203125 0.125
1 0.681640625 0.462890625 0.08984375 0.12890625
1 0.650390625 0.46875 0.08203125 0.125
1 0.771484375 0.4296875 0.12890625 0.125
1 0.7890625 0.416015625 0.125 0.12890625
1 0.55078125 0.767578125 0.0703125 0.17578125
1 0.521484375 0.76171875 0.07421875 0.1953125
1 0.16796875 0.609375 0.09375 0.140625
1 0.1484375 0.626953125 0.0859375 0.12890625
1 0.263671875 0.064453125 0.06640625 0.12109375
1 0.232421875 0.06640625 0.05859375 0.125