0 0.128906 0.406250 0.101562 0.101562
0 0.128906 0.468750 0.109375 0.117188
0 0.080078 0.638672 0.113281 0.066406
0 0.742188 0.925781 0.101562 0.101562
0 0.816406 0.935547 0.117188 0.074219
1 0.074219 0.669922 0.140625 0.074219
1 0.054688 0.888672 0.101562 0.105469
1 0.406250 0.777344 0.109375 0.164062
1 0.433594 0.769531 0.101562 0.156250
1 0.716797 0.513672 0.144531 0.082031
1 0.712891 0.546875 0.152344 0.070312
1 0.800781 0.902344 0.179688 0.085938
2 0.386719 0.259766 0.335938 0.199219
2 0.609375 0.623047 0.312500 0.152344
