0 0.210938 0.343750 0.117188 0.078125
0 0.130859 0.369141 0.128906 0.066406
0 0.865234 0.210938 0.128906 0.078125
0 0.703125 0.283203 0.101562 0.082031
0 0.695312 0.328125 0.117188 0.093750
0 0.953125 0.392578 0.078125 0.105469
0 0.595703 0.707031 0.097656 0.078125
0 0.634766 0.759766 0.089844 0.082031
0 0.800781 0.876953 0.117188 0.082031
0 0.929688 0.951172 0.125000 0.066406
1 0.822266 0.095703 0.167969 0.097656
1 0.095703 0.406250 0.152344 0.093750
1 0.072266 0.500000 0.136719 0.078125
1 0.291016 0.615234 0.136719 0.074219
1 0.714844 0.492188 0.148438 0.132812
