0 0.515625 0.023438 0.109375 0.039062
0 0.566406 0.044922 0.109375 0.050781
0 0.394531 0.054688 0.125000 0.078125
0 0.335938 0.064453 0.125000 0.074219
0 0.246094 0.238281 0.132812 0.062500
0 0.087891 0.447266 0.089844 0.082031
0 0.828125 0.398438 0.093750 0.054688
0 0.371094 0.593750 0.132812 0.062500
0 0.556641 0.699219 0.105469 0.054688
0 0.601562 0.726562 0.101562 0.046875
0 0.146484 0.738281 0.050781 0.109375
0 0.181641 0.787109 0.058594 0.097656
0 0.095703 0.923828 0.066406 0.082031
0 0.144531 0.951172 0.070312 0.074219
1 0.490234 0.171875 0.152344 0.093750
1 0.480469 0.197266 0.164062 0.105469
1 0.183594 0.365234 0.140625 0.066406
1 0.390625 0.490234 0.132812 0.097656
1 0.228516 0.626953 0.128906 0.089844
1 0.191406 0.748047 0.085938 0.136719
1 0.142578 0.916016 0.121094 0.105469
1 0.861328 0.902344 0.144531 0.085938
1 0.931641 0.595703 0.136719 0.058594
