0 0.917969 0.208984 0.078125 0.097656
0 0.958984 0.208984 0.082031 0.089844
0 0.820312 0.371094 0.078125 0.085938
0 0.740234 0.341797 0.066406 0.105469
0 0.326172 0.404297 0.121094 0.058594
0 0.068359 0.759766 0.121094 0.082031
0 0.810547 0.976562 0.144531 0.046875
0 0.949219 0.636719 0.101562 0.093750
1 0.095703 0.039062 0.152344 0.062500
1 0.525391 0.076172 0.191406 0.066406
1 0.515625 0.101562 0.195312 0.070312
1 0.787109 0.351562 0.113281 0.156250
1 0.224609 0.531250 0.136719 0.101562
1 0.207031 0.550781 0.125000 0.101562
1 0.511719 0.533203 0.242188 0.074219
1 0.841797 0.513672 0.207031 0.082031
1 0.705078 0.957031 0.191406 0.085938
1 0.857422 0.962891 0.144531 0.066406
1 0.353516 0.425781 0.128906 0.070312
