0 0.652344 0.683594 0.156250 0.085938
0 0.662109 0.718750 0.136719 0.085938
0 0.500000 0.466797 0.187500 0.113281
0 0.339844 0.501953 0.187500 0.097656
1 0.460938 0.281250 0.187500 0.070312
1 0.466797 0.308594 0.207031 0.085938
1 0.333984 0.531250 0.191406 0.093750
1 0.519531 0.906250 0.164062 0.132812
1 0.533203 0.923828 0.167969 0.128906
1 0.730469 0.894531 0.109375 0.156250
1 0.750000 0.923828 0.101562 0.136719
2 0.111328 0.363281 0.214844 0.203125
2 0.085938 0.595703 0.164062 0.160156
2 0.798828 0.253906 0.246094 0.312500
