0 0.103516 0.300781 0.121094 0.093750
0 0.449219 0.277344 0.101562 0.062500
0 0.509766 0.291016 0.105469 0.066406
0 0.519531 0.445312 0.109375 0.078125
0 0.363281 0.486328 0.101562 0.074219
0 0.316406 0.525391 0.101562 0.058594
0 0.072266 0.597656 0.121094 0.062500
0 0.658203 0.683594 0.105469 0.101562
0 0.548828 0.869141 0.089844 0.082031
0 0.535156 0.921875 0.085938 0.085938
0 0.642578 0.978516 0.128906 0.042969
1 0.068359 0.322266 0.128906 0.066406
1 0.052734 0.560547 0.097656 0.066406
1 0.744141 0.882812 0.089844 0.140625
2 0.808594 0.230469 0.195312 0.273438
