0 0.761719 0.033203 0.109375 0.058594
0 0.750000 0.070312 0.109375 0.078125
0 0.535156 0.214844 0.101562 0.062500
0 0.599609 0.222656 0.097656 0.070312
0 0.888672 0.195312 0.121094 0.062500
0 0.941406 0.218750 0.117188 0.054688
0 0.402344 0.164062 0.148438 0.093750
0 0.449219 0.648438 0.117188 0.085938
0 0.437500 0.691406 0.125000 0.085938
0 0.949219 0.744141 0.101562 0.089844
0 0.681641 0.330078 0.105469 0.074219
0 0.759766 0.328125 0.113281 0.078125
0 0.804688 0.386719 0.125000 0.062500
0 0.828125 0.421875 0.125000 0.062500
1 0.380859 0.132812 0.191406 0.085938
1 0.310547 0.150391 0.152344 0.097656
1 0.105469 0.359375 0.148438 0.117188
1 0.099609 0.333984 0.191406 0.167969
1 0.353516 0.484375 0.175781 0.070312
1 0.916016 0.707031 0.105469 0.164062
2 0.201172 0.753906 0.378906 0.281250
