0 0.757812 0.050781 0.117188 0.093750
0 0.572266 0.207031 0.121094 0.078125
0 0.402344 0.123047 0.125000 0.082031
0 0.718750 0.318359 0.132812 0.074219
0 0.363281 0.474609 0.117188 0.074219
0 0.105469 0.351562 0.101562 0.085938
0 0.068359 0.814453 0.105469 0.082031
0 0.156250 0.818359 0.062500 0.113281
0 0.224609 0.699219 0.105469 0.062500
0 0.226562 0.658203 0.109375 0.097656
0 0.351562 0.763672 0.078125 0.144531
0 0.937500 0.679688 0.062500 0.132812
1 0.914062 0.197266 0.148438 0.082031
1 0.363281 0.142578 0.179688 0.089844
1 0.074219 0.341797 0.140625 0.128906
1 0.158203 0.687500 0.097656 0.093750
1 0.453125 0.660156 0.117188 0.125000
1 0.822266 0.394531 0.128906 0.101562
1 0.949219 0.714844 0.101562 0.117188
