0 0.080078 0.123047 0.128906 0.074219
0 0.089844 0.154297 0.132812 0.074219
0 0.279297 0.123047 0.121094 0.058594
0 0.296875 0.154297 0.125000 0.066406
0 0.431641 0.039062 0.097656 0.070312
0 0.480469 0.046875 0.101562 0.070312
0 0.638672 0.066406 0.097656 0.125000
0 0.724609 0.279297 0.128906 0.066406
0 0.513672 0.390625 0.121094 0.085938
0 0.556641 0.376953 0.121094 0.074219
0 0.867188 0.478516 0.117188 0.050781
0 0.861328 0.511719 0.121094 0.054688
0 0.585938 0.783203 0.132812 0.058594
0 0.625000 0.820312 0.117188 0.054688
0 0.751953 0.814453 0.113281 0.074219
0 0.169922 0.947266 0.121094 0.050781
1 0.730469 0.312500 0.132812 0.070312
1 0.625000 0.427734 0.164062 0.066406
1 0.818359 0.423828 0.144531 0.097656
1 0.160156 0.974609 0.226562 0.050781
1 0.742188 0.845703 0.148438 0.074219
2 0.210938 0.560547 0.382812 0.308594
