0 0.589844 0.166016 0.093750 0.113281
0 0.496094 0.283203 0.101562 0.089844
0 0.339844 0.210938 0.109375 0.078125
0 0.269531 0.191406 0.101562 0.078125
0 0.900391 0.779297 0.105469 0.089844
0 0.873047 0.791016 0.113281 0.105469
0 0.853516 0.914062 0.105469 0.054688
0 0.931641 0.927734 0.105469 0.058594
0 0.906250 0.953125 0.125000 0.070312
1 0.423828 0.126953 0.136719 0.113281
1 0.398438 0.136719 0.140625 0.101562
1 0.935547 0.158203 0.113281 0.128906
1 0.505859 0.494141 0.152344 0.074219
2 0.478516 0.638672 0.363281 0.238281
2 0.732422 0.210938 0.160156 0.164062
