0 0.548828 0.074219 0.113281 0.070312
0 0.492188 0.089844 0.117188 0.062500
0 0.937500 0.199219 0.109375 0.078125
0 0.806641 0.353516 0.082031 0.097656
0 0.751953 0.333984 0.089844 0.097656
0 0.845703 0.500000 0.128906 0.062500
0 0.683594 0.951172 0.117188 0.066406
0 0.242188 0.533203 0.085938 0.074219
0 0.187500 0.527344 0.085938 0.078125
1 0.125000 0.031250 0.156250 0.054688
1 0.343750 0.404297 0.132812 0.074219
1 0.503906 0.517578 0.140625 0.058594
1 0.062500 0.750000 0.117188 0.078125
1 0.849609 0.964844 0.160156 0.070312
