0 0.595703 0.025391 0.128906 0.042969
0 0.660156 0.033203 0.132812 0.058594
0 0.888672 0.292969 0.121094 0.062500
0 0.876953 0.326172 0.113281 0.058594
0 0.304688 0.070312 0.062500 0.132812
0 0.167969 0.162109 0.171875 0.058594
1 0.273438 0.062500 0.062500 0.117188
1 0.171875 0.185547 0.195312 0.058594
1 0.458984 0.103516 0.167969 0.089844
1 0.486328 0.121094 0.160156 0.085938
1 0.134766 0.599609 0.191406 0.058594
1 0.152344 0.630859 0.171875 0.058594
1 0.068359 0.724609 0.128906 0.097656
1 0.601562 0.535156 0.265625 0.093750
1 0.570312 0.560547 0.179688 0.082031
