0 0.941406 0.148438 0.093750 0.070312
0 0.916016 0.191406 0.089844 0.062500
0 0.589844 0.173828 0.101562 0.121094
0 0.330078 0.208984 0.121094 0.089844
0 0.273438 0.208984 0.109375 0.089844
0 0.490234 0.289062 0.105469 0.101562
0 0.533203 0.500000 0.097656 0.062500
0 0.464844 0.501953 0.085938 0.082031
0 0.892578 0.781250 0.113281 0.093750
0 0.855469 0.917969 0.117188 0.062500
0 0.925781 0.935547 0.125000 0.050781
1 0.414062 0.128906 0.156250 0.125000
1 0.394531 0.150391 0.156250 0.128906
1 0.873047 0.798828 0.136719 0.113281
1 0.896484 0.958984 0.152344 0.058594
2 0.482422 0.650391 0.386719 0.269531
2 0.726562 0.216797 0.187500 0.152344
