0 0.458984 0.037109 0.121094 0.066406
0 0.646484 0.052734 0.082031 0.097656
0 0.716797 0.267578 0.089844 0.066406
0 0.757812 0.310547 0.093750 0.066406
0 0.808594 0.412109 0.093750 0.089844
0 0.650391 0.416016 0.105469 0.082031
0 0.771484 0.796875 0.089844 0.070312
0 0.734375 0.841797 0.093750 0.066406
1 0.091797 0.130859 0.136719 0.128906
1 0.294922 0.128906 0.136719 0.109375
1 0.533203 0.373047 0.160156 0.074219
1 0.873047 0.486328 0.128906 0.105469
1 0.207031 0.953125 0.140625 0.093750
1 0.093750 0.978516 0.156250 0.042969
1 0.601562 0.787109 0.140625 0.105469
2 0.220703 0.550781 0.339844 0.296875
