0 0.929688 0.156250 0.117188 0.070312
0 0.925781 0.191406 0.109375 0.062500
0 0.427734 0.175781 0.105469 0.101562
0 0.365234 0.144531 0.105469 0.117188
0 0.835938 0.779297 0.078125 0.097656
0 0.910156 0.832031 0.109375 0.078125
1 0.410156 0.136719 0.195312 0.156250
1 0.314453 0.207031 0.152344 0.101562
1 0.289062 0.218750 0.148438 0.109375
1 0.488281 0.289062 0.140625 0.125000
1 0.896484 0.783203 0.144531 0.121094
2 0.681641 0.205078 0.308594 0.199219
2 0.476562 0.617188 0.390625 0.335938
2 0.890625 0.941406 0.218750 0.117188
