0 0.103516 0.050781 0.113281 0.062500
0 0.167969 0.074219 0.109375 0.054688
0 0.240234 0.589844 0.105469 0.062500
0 0.218750 0.613281 0.101562 0.062500
0 0.464844 0.517578 0.101562 0.074219
0 0.498047 0.529297 0.105469 0.074219
0 0.892578 0.490234 0.128906 0.082031
0 0.933594 0.501953 0.101562 0.074219
0 0.771484 0.662109 0.121094 0.058594
0 0.736328 0.687500 0.121094 0.054688
1 0.298828 0.433594 0.167969 0.101562
1 0.486328 0.437500 0.160156 0.093750
1 0.736328 0.466797 0.167969 0.074219
1 0.216797 0.531250 0.128906 0.109375
2 0.634766 0.123047 0.246094 0.238281
2 0.111328 0.726562 0.214844 0.453125
