0 0.148438 0.099609 0.140625 0.050781
0 0.796875 0.222656 0.085938 0.085938
0 0.792969 0.275391 0.085938 0.089844
0 0.433594 0.386719 0.125000 0.085938
0 0.382812 0.398438 0.125000 0.070312
1 0.132812 0.126953 0.171875 0.058594
1 0.154297 0.294922 0.167969 0.058594
1 0.183594 0.322266 0.179688 0.058594
1 0.072266 0.603516 0.136719 0.113281
1 0.347656 0.740234 0.156250 0.050781
1 0.371094 0.773438 0.148438 0.054688
1 0.251953 0.880859 0.136719 0.082031
1 0.265625 0.902344 0.140625 0.078125
2 0.593750 0.539062 0.218750 0.179688
