0 0.628906 0.025391 0.117188 0.042969
0 0.667969 0.050781 0.125000 0.054688
0 0.593750 0.177734 0.125000 0.066406
0 0.650391 0.164062 0.082031 0.117188
0 0.302734 0.429688 0.136719 0.093750
0 0.484375 0.435547 0.125000 0.082031
0 0.453125 0.517578 0.093750 0.066406
0 0.505859 0.525391 0.105469 0.066406
0 0.740234 0.460938 0.144531 0.070312
0 0.886719 0.494141 0.109375 0.074219
0 0.943359 0.498047 0.089844 0.074219
0 0.781250 0.662109 0.109375 0.058594
0 0.726562 0.683594 0.109375 0.054688
0 0.205078 0.527344 0.097656 0.109375
0 0.250000 0.587891 0.093750 0.058594
0 0.207031 0.607422 0.093750 0.050781
1 0.132812 0.060547 0.156250 0.082031
1 0.666016 0.144531 0.097656 0.132812
2 0.109375 0.728516 0.210938 0.449219
