0 0.662109 0.351562 0.136719 0.062500
0 0.589844 0.458984 0.117188 0.082031
0 0.515625 0.464844 0.132812 0.070312
0 0.388672 0.718750 0.089844 0.101562
0 0.343750 0.714844 0.085938 0.093750
0 0.066406 0.808594 0.117188 0.085938
0 0.763672 0.763672 0.128906 0.082031
1 0.685547 0.371094 0.144531 0.062500
1 0.927734 0.464844 0.121094 0.101562
1 0.906250 0.478516 0.171875 0.121094
1 0.224609 0.484375 0.152344 0.101562
1 0.230469 0.517578 0.140625 0.089844
1 0.101562 0.812500 0.125000 0.093750
1 0.785156 0.748047 0.132812 0.074219
2 0.078125 0.072266 0.148438 0.136719
2 0.355469 0.093750 0.312500 0.179688
2 0.765625 0.134766 0.375000 0.222656
2 0.587891 0.867188 0.285156 0.265625
