0 0.095703 0.306641 0.144531 0.097656
0 0.457031 0.283203 0.117188 0.058594
0 0.501953 0.302734 0.121094 0.074219
0 0.511719 0.453125 0.117188 0.078125
0 0.359375 0.488281 0.117188 0.078125
0 0.320312 0.533203 0.117188 0.066406
0 0.058594 0.570312 0.109375 0.078125
0 0.546875 0.880859 0.109375 0.089844
0 0.535156 0.921875 0.101562 0.093750
1 0.072266 0.330078 0.136719 0.082031
1 0.072266 0.611328 0.136719 0.082031
1 0.656250 0.695312 0.140625 0.117188
1 0.740234 0.888672 0.089844 0.167969
2 0.796875 0.232422 0.195312 0.269531
