0 0.453125 0.193359 0.101562 0.058594
0 0.492188 0.214844 0.093750 0.054688
0 0.392578 0.279297 0.113281 0.058594
0 0.462891 0.310547 0.113281 0.074219
0 0.712891 0.541016 0.128906 0.066406
0 0.068359 0.664062 0.128906 0.070312
0 0.058594 0.892578 0.093750 0.097656
0 0.333984 0.945312 0.082031 0.109375
0 0.400391 0.761719 0.082031 0.132812
0 0.441406 0.777344 0.078125 0.132812
0 0.662109 0.640625 0.136719 0.078125
0 0.798828 0.900391 0.136719 0.074219
1 0.318359 0.261719 0.183594 0.062500
1 0.125000 0.435547 0.101562 0.167969
1 0.550781 0.623047 0.125000 0.089844
1 0.781250 0.921875 0.171875 0.085938
1 0.060547 0.642578 0.113281 0.066406
1 0.664062 0.607422 0.148438 0.082031
