0 0.871094 0.083984 0.109375 0.089844
0 0.695312 0.453125 0.101562 0.085938
0 0.425781 0.460938 0.085938 0.062500
0 0.478516 0.488281 0.097656 0.054688
0 0.349609 0.550781 0.105469 0.070312
0 0.074219 0.568359 0.132812 0.074219
0 0.552734 0.779297 0.097656 0.066406
0 0.142578 0.925781 0.105469 0.062500
0 0.351562 0.880859 0.101562 0.066406
0 0.773438 0.802734 0.085938 0.074219
0 0.835938 0.810547 0.078125 0.058594
0 0.753906 0.882812 0.109375 0.078125
0 0.941406 0.873047 0.070312 0.128906
1 0.960938 0.861328 0.054688 0.136719
