0 0.201172 0.367188 0.128906 0.078125
0 0.167969 0.388672 0.132812 0.074219
0 0.386719 0.486328 0.125000 0.066406
0 0.396484 0.515625 0.128906 0.062500
0 0.820312 0.617188 0.085938 0.054688
0 0.886719 0.617188 0.085938 0.046875
0 0.873047 0.896484 0.113281 0.058594
0 0.847656 0.927734 0.125000 0.058594
1 0.531250 0.029297 0.171875 0.050781
1 0.537109 0.056641 0.175781 0.050781
1 0.855469 0.404297 0.156250 0.050781
1 0.951172 0.599609 0.097656 0.042969
1 0.250000 0.248047 0.203125 0.066406
1 0.072266 0.468750 0.136719 0.125000
1 0.585938 0.707031 0.187500 0.054688
1 0.595703 0.738281 0.167969 0.046875
2 0.443359 0.148438 0.347656 0.273438
2 0.273438 0.714844 0.367188 0.304688
2 0.132812 0.925781 0.203125 0.148438
