0 0.412109 0.033203 0.121094 0.058594
0 0.630859 0.169922 0.152344 0.066406
0 0.951172 0.425781 0.097656 0.109375
0 0.193359 0.617188 0.136719 0.062500
0 0.144531 0.765625 0.101562 0.046875
0 0.458984 0.880859 0.097656 0.058594
0 0.535156 0.890625 0.093750 0.070312
1 0.160156 0.068359 0.132812 0.066406
1 0.666016 0.042969 0.144531 0.070312
1 0.681641 0.060547 0.160156 0.089844
1 0.154297 0.414062 0.074219 0.125000
1 0.123047 0.748047 0.167969 0.066406
1 0.626953 0.654297 0.128906 0.066406
1 0.804688 0.685547 0.171875 0.066406
