0 0.408203 0.056641 0.113281 0.074219
0 0.328125 0.048828 0.109375 0.066406
0 0.494141 0.162109 0.128906 0.082031
0 0.251953 0.234375 0.121094 0.062500
0 0.187500 0.357422 0.125000 0.058594
0 0.392578 0.484375 0.113281 0.093750
0 0.236328 0.617188 0.121094 0.085938
0 0.376953 0.587891 0.113281 0.066406
0 0.828125 0.390625 0.085938 0.062500
0 0.197266 0.744141 0.082031 0.121094
0 0.142578 0.908203 0.105469 0.097656
1 0.544922 0.035156 0.152344 0.062500
1 0.484375 0.189453 0.132812 0.089844
1 0.068359 0.449219 0.128906 0.085938
1 0.167969 0.755859 0.101562 0.144531
1 0.125000 0.925781 0.117188 0.101562
1 0.583984 0.705078 0.160156 0.074219
1 0.865234 0.894531 0.121094 0.085938
