0 0.583984 0.185547 0.113281 0.074219
0 0.923828 0.167969 0.136719 0.070312
0 0.421875 0.101562 0.109375 0.078125
0 0.123047 0.326172 0.089844 0.082031
0 0.384766 0.449219 0.113281 0.070312
0 0.734375 0.292969 0.125000 0.070312
0 0.955078 0.652344 0.066406 0.109375
0 0.232422 0.628906 0.097656 0.093750
0 0.175781 0.658203 0.093750 0.082031
0 0.232422 0.671875 0.105469 0.054688
0 0.082031 0.791016 0.101562 0.074219
0 0.363281 0.732422 0.070312 0.128906
1 0.376953 0.113281 0.160156 0.078125
1 0.089844 0.318359 0.125000 0.121094
1 0.839844 0.373047 0.117188 0.089844
1 0.464844 0.626953 0.117188 0.121094
