0 0.292969 0.121094 0.093750 0.109375
0 0.328125 0.117188 0.085938 0.101562
0 0.785156 0.193359 0.132812 0.058594
0 0.800781 0.220703 0.148438 0.050781
0 0.671875 0.271484 0.148438 0.074219
0 0.705078 0.314453 0.128906 0.074219
0 0.314453 0.400391 0.121094 0.058594
0 0.394531 0.375000 0.101562 0.054688
0 0.052734 0.464844 0.097656 0.062500
0 0.152344 0.500000 0.140625 0.054688
0 0.132812 0.535156 0.140625 0.062500
0 0.257812 0.707031 0.109375 0.164062
0 0.957031 0.664062 0.085938 0.109375
0 0.962891 0.712891 0.074219 0.121094
1 0.328125 0.355469 0.164062 0.070312
1 0.808594 0.753906 0.210938 0.078125
1 0.906250 0.841797 0.164062 0.183594
