0 0.300781 0.259766 0.148438 0.074219
0 0.123047 0.437500 0.082031 0.132812
0 0.082031 0.658203 0.109375 0.082031
0 0.064453 0.904297 0.082031 0.074219
0 0.763672 0.914062 0.128906 0.085938
0 0.804688 0.900391 0.109375 0.074219
0 0.701172 0.539062 0.097656 0.062500
0 0.556641 0.626953 0.105469 0.074219
0 0.642578 0.601562 0.113281 0.062500
0 0.664062 0.640625 0.109375 0.070312
1 0.470703 0.199219 0.136719 0.085938
1 0.445312 0.298828 0.156250 0.105469
1 0.417969 0.767578 0.132812 0.152344
1 0.355469 0.947266 0.125000 0.105469
