0 0.191406 0.033203 0.101562 0.058594
0 0.119141 0.474609 0.113281 0.128906
0 0.587891 0.382812 0.082031 0.117188
0 0.533203 0.429688 0.105469 0.117188
0 0.548828 0.458984 0.105469 0.105469
0 0.798828 0.626953 0.097656 0.089844
0 0.798828 0.662109 0.097656 0.082031
0 0.406250 0.892578 0.078125 0.097656
0 0.447266 0.927734 0.074219 0.105469
0 0.433594 0.953125 0.078125 0.093750
1 0.082031 0.128906 0.156250 0.117188
1 0.068359 0.210938 0.066406 0.140625
1 0.099609 0.224609 0.066406 0.136719
1 0.289062 0.869141 0.148438 0.089844
2 0.695312 0.791016 0.312500 0.191406
