0 0.941406 0.144531 0.093750 0.078125
0 0.677734 0.490234 0.128906 0.097656
0 0.412109 0.496094 0.113281 0.054688
0 0.449219 0.527344 0.117188 0.054688
0 0.537109 0.816406 0.121094 0.078125
0 0.121094 0.957031 0.132812 0.062500
0 0.763672 0.845703 0.113281 0.089844
0 0.810547 0.843750 0.097656 0.070312
1 0.863281 0.117188 0.132812 0.093750
1 0.935547 0.115234 0.105469 0.089844
1 0.330078 0.585938 0.136719 0.078125
1 0.070312 0.603516 0.132812 0.097656
1 0.330078 0.914062 0.136719 0.070312
1 0.742188 0.910156 0.148438 0.085938
2 0.931641 0.892578 0.113281 0.191406
