0 0.306641 0.087891 0.097656 0.089844
0 0.693359 0.343750 0.136719 0.070312
0 0.560547 0.447266 0.113281 0.066406
0 0.226562 0.480469 0.109375 0.109375
0 0.376953 0.703125 0.105469 0.078125
0 0.091797 0.791016 0.113281 0.074219
0 0.789062 0.738281 0.125000 0.070312
0 0.683594 0.890625 0.062500 0.101562
1 0.386719 0.058594 0.117188 0.093750
1 0.916016 0.453125 0.144531 0.085938
1 0.652344 0.851562 0.062500 0.179688
1 0.558594 0.951172 0.179688 0.066406
1 0.392578 0.046875 0.128906 0.085938
2 0.781250 0.105469 0.289062 0.171875
