0 0.277344 0.632812 0.117188 0.101562
0 0.318359 0.625000 0.121094 0.085938
0 0.884766 0.962891 0.136719 0.074219
0 0.970703 0.421875 0.058594 0.085938
0 0.710938 0.513672 0.148438 0.082031
0 0.845703 0.107422 0.128906 0.113281
1 0.812500 0.103516 0.140625 0.113281
1 0.707031 0.482422 0.164062 0.097656
1 0.617188 0.728516 0.148438 0.097656
1 0.607422 0.755859 0.160156 0.097656
1 0.781250 0.880859 0.187500 0.097656
1 0.949219 0.378906 0.101562 0.156250
2 0.144531 0.433594 0.281250 0.265625
2 0.779297 0.285156 0.355469 0.234375
