0 0.150391 0.035156 0.144531 0.062500
0 0.687500 0.107422 0.085938 0.113281
0 0.324219 0.398438 0.109375 0.085938
0 0.501953 0.402344 0.105469 0.078125
0 0.755859 0.425781 0.121094 0.070312
0 0.220703 0.490234 0.097656 0.097656
0 0.085938 0.554688 0.062500 0.078125
0 0.115234 0.804688 0.074219 0.101562
0 0.164062 0.792969 0.070312 0.093750
0 0.171875 0.847656 0.093750 0.093750
0 0.246094 0.957031 0.085938 0.085938
1 0.642578 0.146484 0.167969 0.082031
1 0.058594 0.541016 0.085938 0.113281
1 0.119141 0.658203 0.089844 0.128906
1 0.244141 0.564453 0.121094 0.074219
1 0.498047 0.492188 0.144531 0.070312
1 0.765625 0.640625 0.140625 0.070312
1 0.929688 0.460938 0.140625 0.070312
