0 0.541016 0.076172 0.144531 0.058594
0 0.312500 0.400391 0.101562 0.058594
0 0.375000 0.419922 0.101562 0.058594
0 0.234375 0.533203 0.093750 0.089844
0 0.199219 0.542969 0.101562 0.085938
0 0.687500 0.958984 0.140625 0.082031
0 0.804688 0.974609 0.109375 0.050781
0 0.876953 0.962891 0.113281 0.058594
0 0.800781 0.349609 0.101562 0.113281
1 0.126953 0.037109 0.207031 0.066406
1 0.509766 0.099609 0.152344 0.066406
1 0.935547 0.207031 0.128906 0.101562
1 0.763672 0.347656 0.113281 0.125000
1 0.839844 0.507812 0.164062 0.078125
1 0.503906 0.521484 0.187500 0.066406
1 0.070312 0.753906 0.132812 0.085938
1 0.945312 0.628906 0.109375 0.109375
