0 0.798828 0.105469 0.113281 0.093750
0 0.859375 0.091797 0.101562 0.105469
0 0.695312 0.291016 0.125000 0.097656
0 0.693359 0.474609 0.121094 0.082031
0 0.722656 0.519531 0.117188 0.070312
0 0.267578 0.621094 0.097656 0.078125
0 0.332031 0.626953 0.101562 0.074219
0 0.609375 0.720703 0.117188 0.082031
0 0.623047 0.759766 0.128906 0.074219
1 0.867188 0.210938 0.164062 0.093750
1 0.703125 0.326172 0.148438 0.113281
1 0.957031 0.386719 0.085938 0.125000
1 0.796875 0.878906 0.148438 0.085938
1 0.925781 0.951172 0.148438 0.058594
2 0.140625 0.427734 0.273438 0.222656
