0 0.146484 0.421875 0.089844 0.101562
1 0.142578 0.074219 0.144531 0.070312
1 0.166016 0.093750 0.152344 0.070312
1 0.402344 0.031250 0.195312 0.054688
1 0.398438 0.048828 0.257812 0.089844
1 0.939453 0.451172 0.121094 0.097656
1 0.158203 0.435547 0.089844 0.113281
1 0.177734 0.623047 0.144531 0.082031
1 0.193359 0.640625 0.144531 0.078125
1 0.505859 0.892578 0.199219 0.105469
1 0.490234 0.914062 0.207031 0.109375
1 0.937500 0.412109 0.125000 0.113281
2 0.650391 0.126953 0.277344 0.246094
2 0.712891 0.691406 0.371094 0.140625
2 0.136719 0.763672 0.265625 0.136719
