0 0.857422 0.111328 0.113281 0.097656
0 0.947266 0.138672 0.082031 0.074219
0 0.677734 0.480469 0.113281 0.085938
0 0.410156 0.488281 0.093750 0.062500
0 0.460938 0.519531 0.109375 0.054688
0 0.333984 0.580078 0.113281 0.074219
0 0.070312 0.599609 0.132812 0.089844
0 0.128906 0.949219 0.117188 0.070312
0 0.337891 0.906250 0.113281 0.062500
0 0.537109 0.806641 0.105469 0.074219
0 0.814453 0.835938 0.089844 0.062500
0 0.761719 0.837891 0.093750 0.089844
0 0.742188 0.900391 0.117188 0.082031
1 0.947266 0.884766 0.074219 0.167969
1 0.927734 0.896484 0.082031 0.144531
