0 0.921875 0.085938 0.132812 0.101562
0 0.673828 0.193359 0.128906 0.097656
0 0.380859 0.244141 0.128906 0.074219
0 0.369141 0.281250 0.128906 0.062500
0 0.699219 0.365234 0.109375 0.058594
0 0.460938 0.480469 0.117188 0.062500
0 0.492188 0.513672 0.117188 0.058594
0 0.724609 0.843750 0.097656 0.117188
0 0.757812 0.847656 0.085938 0.109375
0 0.226562 0.929688 0.125000 0.085938
1 0.634766 0.199219 0.136719 0.109375
1 0.718750 0.332031 0.132812 0.062500
1 0.326172 0.476562 0.167969 0.070312
1 0.425781 0.589844 0.187500 0.078125
1 0.470703 0.734375 0.144531 0.132812
1 0.261719 0.923828 0.140625 0.097656
1 0.916016 0.050781 0.136719 0.085938
