0 0.126953 0.068359 0.121094 0.066406
0 0.179688 0.087891 0.125000 0.074219
0 0.593750 0.175781 0.117188 0.085938
0 0.646484 0.187500 0.121094 0.078125
0 0.144531 0.410156 0.078125 0.093750
0 0.156250 0.439453 0.085938 0.097656
0 0.931641 0.458984 0.113281 0.082031
0 0.160156 0.623047 0.109375 0.082031
0 0.208984 0.630859 0.128906 0.066406
0 0.476562 0.906250 0.164062 0.093750
0 0.511719 0.890625 0.164062 0.093750
0 0.773438 0.683594 0.148438 0.078125
0 0.824219 0.703125 0.125000 0.078125
1 0.386719 0.029297 0.179688 0.050781
1 0.400391 0.044922 0.175781 0.082031
1 0.638672 0.666016 0.207031 0.074219
2 0.677734 0.072266 0.261719 0.136719
2 0.134766 0.763672 0.261719 0.121094
