0 0.828125 0.093750 0.140625 0.085938
0 0.869141 0.205078 0.113281 0.089844
0 0.710938 0.273438 0.093750 0.078125
0 0.691406 0.326172 0.109375 0.089844
0 0.955078 0.396484 0.082031 0.089844
0 0.806641 0.873047 0.097656 0.074219
0 0.925781 0.943359 0.109375 0.058594
0 0.292969 0.609375 0.132812 0.085938
0 0.216797 0.343750 0.105469 0.062500
0 0.140625 0.361328 0.125000 0.058594
0 0.089844 0.400391 0.125000 0.082031
1 0.070312 0.492188 0.132812 0.070312
1 0.718750 0.482422 0.125000 0.113281
1 0.619141 0.730469 0.113281 0.117188
