0 0.642578 0.349609 0.097656 0.058594
0 0.712891 0.357422 0.105469 0.058594
0 0.943359 0.460938 0.082031 0.085938
0 0.900391 0.460938 0.113281 0.085938
0 0.556641 0.455078 0.152344 0.066406
0 0.808594 0.744141 0.085938 0.074219
0 0.746094 0.746094 0.093750 0.054688
1 0.226562 0.492188 0.148438 0.140625
1 0.365234 0.710938 0.136719 0.093750
1 0.089844 0.804688 0.148438 0.085938
1 0.044922 0.066406 0.082031 0.117188
2 0.363281 0.076172 0.281250 0.144531
2 0.777344 0.125000 0.328125 0.203125
2 0.587891 0.873047 0.269531 0.253906
