0 0.419922 0.580078 0.136719 0.066406
0 0.455078 0.603516 0.144531 0.066406
0 0.476562 0.726562 0.132812 0.085938
0 0.453125 0.769531 0.125000 0.078125
1 0.912109 0.064453 0.152344 0.121094
1 0.908203 0.087891 0.160156 0.136719
1 0.660156 0.187500 0.171875 0.125000
1 0.636719 0.201172 0.179688 0.136719
1 0.710938 0.339844 0.179688 0.070312
1 0.712891 0.373047 0.152344 0.066406
1 0.378906 0.250000 0.179688 0.085938
1 0.375000 0.277344 0.179688 0.085938
1 0.755859 0.845703 0.113281 0.144531
1 0.734375 0.859375 0.125000 0.148438
1 0.253906 0.925781 0.187500 0.117188
1 0.232422 0.945312 0.175781 0.109375
2 0.396484 0.488281 0.339844 0.132812
