0 0.898438 0.041016 0.117188 0.074219
0 0.935547 0.095703 0.097656 0.089844
0 0.683594 0.197266 0.101562 0.089844
0 0.621094 0.187500 0.101562 0.093750
0 0.730469 0.333984 0.101562 0.058594
0 0.691406 0.363281 0.101562 0.054688
0 0.396484 0.242188 0.105469 0.070312
0 0.361328 0.283203 0.105469 0.066406
0 0.316406 0.472656 0.132812 0.070312
0 0.425781 0.591797 0.140625 0.082031
0 0.761719 0.851562 0.062500 0.101562
0 0.716797 0.830078 0.082031 0.097656
0 0.271484 0.927734 0.105469 0.082031
0 0.216797 0.925781 0.097656 0.078125
0 0.470703 0.736328 0.113281 0.105469
1 0.480469 0.496094 0.148438 0.101562
