0 0.523438 0.027344 0.132812 0.046875
0 0.556641 0.052734 0.136719 0.050781
0 0.222656 0.371094 0.101562 0.078125
0 0.146484 0.371094 0.097656 0.054688
0 0.044922 0.464844 0.082031 0.101562
0 0.074219 0.462891 0.117188 0.089844
0 0.380859 0.482422 0.105469 0.058594
0 0.406250 0.513672 0.109375 0.050781
0 0.843750 0.400391 0.132812 0.050781
0 0.576172 0.705078 0.152344 0.058594
0 0.595703 0.734375 0.128906 0.046875
0 0.882812 0.894531 0.093750 0.054688
0 0.839844 0.921875 0.101562 0.054688
0 0.892578 0.609375 0.121094 0.054688
1 0.246094 0.244141 0.171875 0.066406
1 0.382812 0.058594 0.179688 0.093750
1 0.353516 0.074219 0.175781 0.093750
2 0.482422 0.191406 0.238281 0.179688
2 0.277344 0.708984 0.359375 0.292969
2 0.134766 0.925781 0.175781 0.148438
