0 0.505859 0.136719 0.113281 0.078125
0 0.265625 0.203125 0.109375 0.062500
0 0.205078 0.328125 0.113281 0.062500
0 0.410156 0.460938 0.101562 0.085938
0 0.390625 0.560547 0.101562 0.066406
0 0.253906 0.589844 0.109375 0.085938
0 0.214844 0.716797 0.078125 0.105469
0 0.158203 0.878906 0.097656 0.085938
0 0.884766 0.865234 0.121094 0.089844
1 0.380859 0.033203 0.183594 0.058594
1 0.500000 0.164062 0.125000 0.085938
1 0.076172 0.421875 0.136719 0.078125
1 0.187500 0.728516 0.093750 0.136719
1 0.144531 0.898438 0.109375 0.093750
1 0.599609 0.679688 0.144531 0.085938
1 0.875000 0.375000 0.132812 0.078125
