0 0.603516 0.132812 0.089844 0.109375
0 0.511719 0.255859 0.101562 0.089844
0 0.412109 0.113281 0.128906 0.109375
0 0.406250 0.535156 0.085938 0.085938
0 0.603516 0.691406 0.121094 0.093750
0 0.917969 0.755859 0.101562 0.089844
0 0.886719 0.761719 0.109375 0.093750
0 0.923828 0.925781 0.121094 0.070312
1 0.433594 0.097656 0.117188 0.093750
1 0.318359 0.173828 0.167969 0.089844
1 0.949219 0.132812 0.101562 0.109375
1 0.525391 0.466797 0.136719 0.074219
1 0.390625 0.591797 0.148438 0.066406
1 0.470703 0.636719 0.136719 0.085938
1 0.904297 0.896484 0.167969 0.066406
2 0.746094 0.187500 0.148438 0.148438
