0 0.134766 0.054688 0.136719 0.078125
0 0.626953 0.023438 0.105469 0.039062
0 0.681641 0.042969 0.105469 0.054688
0 0.601562 0.167969 0.109375 0.054688
0 0.654297 0.164062 0.074219 0.109375
0 0.308594 0.423828 0.117188 0.089844
0 0.488281 0.427734 0.117188 0.074219
0 0.201172 0.517578 0.097656 0.105469
0 0.742188 0.455078 0.117188 0.066406
0 0.064453 0.585938 0.066406 0.085938
0 0.103516 0.835938 0.066406 0.117188
0 0.150391 0.818359 0.074219 0.105469
0 0.162109 0.878906 0.105469 0.109375
1 0.673828 0.140625 0.089844 0.117188
1 0.046875 0.568359 0.085938 0.128906
1 0.103516 0.687500 0.097656 0.148438
1 0.232422 0.595703 0.136719 0.066406
1 0.480469 0.517578 0.156250 0.066406
1 0.753906 0.667969 0.164062 0.078125
1 0.910156 0.488281 0.164062 0.070312
