0 0.142578 0.083984 0.167969 0.050781
0 0.289062 0.419922 0.140625 0.058594
0 0.324219 0.457031 0.164062 0.054688
0 0.763672 0.460938 0.144531 0.070312
0 0.714844 0.478516 0.132812 0.058594
1 0.123047 0.054688 0.167969 0.054688
1 0.900391 0.498047 0.199219 0.113281
1 0.917969 0.511719 0.164062 0.093750
1 0.759766 0.667969 0.191406 0.062500
1 0.750000 0.695312 0.187500 0.054688
2 0.630859 0.136719 0.261719 0.265625
2 0.210938 0.568359 0.187500 0.183594
2 0.492188 0.494141 0.210938 0.207031
2 0.150391 0.748047 0.292969 0.503906
