0 0.113281 0.103516 0.125000 0.113281
0 0.666016 0.390625 0.097656 0.078125
0 0.824219 0.384766 0.093750 0.082031
0 0.619141 0.759766 0.121094 0.089844
0 0.128906 0.601562 0.093750 0.062500
0 0.175781 0.601562 0.062500 0.070312
0 0.144531 0.638672 0.085938 0.050781
0 0.291016 0.478516 0.097656 0.097656
1 0.310547 0.103516 0.121094 0.097656
1 0.755859 0.265625 0.128906 0.109375
1 0.550781 0.345703 0.132812 0.074219
1 0.890625 0.462891 0.109375 0.089844
1 0.767578 0.796875 0.121094 0.109375
1 0.228516 0.933594 0.121094 0.085938
1 0.105469 0.962891 0.125000 0.058594
1 0.333984 0.429688 0.128906 0.078125
1 0.244141 0.527344 0.136719 0.078125
