0 0.408203 0.039062 0.136719 0.070312
0 0.066406 0.765625 0.101562 0.070312
0 0.138672 0.771484 0.113281 0.050781
0 0.462891 0.894531 0.113281 0.085938
0 0.523438 0.894531 0.117188 0.085938
0 0.763672 0.691406 0.113281 0.070312
0 0.841797 0.693359 0.097656 0.082031
1 0.658203 0.046875 0.160156 0.085938
1 0.673828 0.068359 0.191406 0.105469
1 0.154297 0.076172 0.152344 0.066406
1 0.623047 0.179688 0.183594 0.070312
1 0.945312 0.431641 0.109375 0.136719
1 0.152344 0.425781 0.093750 0.148438
1 0.189453 0.625000 0.167969 0.070312
1 0.625000 0.664062 0.156250 0.070312
1 0.160156 0.746094 0.140625 0.062500
