0 0.066406 0.115234 0.101562 0.066406
0 0.109375 0.160156 0.109375 0.078125
0 0.269531 0.121094 0.101562 0.062500
0 0.308594 0.154297 0.109375 0.058594
0 0.640625 0.060547 0.085938 0.113281
0 0.716797 0.275391 0.105469 0.066406
0 0.748047 0.320312 0.105469 0.070312
0 0.808594 0.423828 0.109375 0.097656
0 0.878906 0.478516 0.093750 0.050781
0 0.857422 0.511719 0.089844 0.054688
0 0.503906 0.384766 0.109375 0.082031
0 0.763672 0.806641 0.097656 0.066406
0 0.738281 0.851562 0.109375 0.070312
0 0.179688 0.953125 0.101562 0.054688
0 0.566406 0.382812 0.101562 0.078125
1 0.181641 0.974609 0.175781 0.050781
1 0.603516 0.800781 0.160156 0.109375
1 0.644531 0.425781 0.132812 0.078125
1 0.453125 0.041016 0.164062 0.074219
2 0.220703 0.562500 0.347656 0.304688
