0 0.396484 0.132812 0.152344 0.085938
0 0.796875 0.388672 0.093750 0.066406
0 0.837891 0.417969 0.105469 0.054688
0 0.107422 0.361328 0.113281 0.097656
0 0.357422 0.486328 0.136719 0.074219
0 0.150391 0.699219 0.097656 0.109375
0 0.068359 0.822266 0.113281 0.074219
0 0.458984 0.642578 0.089844 0.074219
0 0.427734 0.693359 0.097656 0.074219
0 0.925781 0.695312 0.070312 0.125000
0 0.945312 0.744141 0.078125 0.082031
1 0.755859 0.056641 0.121094 0.105469
1 0.916016 0.207031 0.167969 0.078125
1 0.568359 0.216797 0.144531 0.074219
1 0.357422 0.152344 0.214844 0.093750
1 0.712891 0.326172 0.160156 0.066406
1 0.082031 0.353516 0.156250 0.152344
1 0.230469 0.669922 0.132812 0.105469
1 0.152344 0.818359 0.078125 0.128906
1 0.345703 0.777344 0.074219 0.171875
1 0.226562 0.710938 0.125000 0.070312
