0 0.884766 0.343750 0.121094 0.070312
0 0.285156 0.453125 0.101562 0.062500
0 0.236328 0.449219 0.066406 0.109375
0 0.244141 0.554688 0.097656 0.062500
0 0.322266 0.560547 0.105469 0.050781
1 0.332031 0.042969 0.140625 0.078125
1 0.798828 0.136719 0.128906 0.085938
1 0.931641 0.031250 0.136719 0.054688
1 0.865234 0.275391 0.160156 0.066406
1 0.207031 0.443359 0.085938 0.152344
1 0.226562 0.587891 0.140625 0.058594
1 0.441406 0.794922 0.179688 0.105469
1 0.605469 0.744141 0.156250 0.058594
1 0.599609 0.773438 0.167969 0.054688
