0 0.175781 0.042969 0.117188 0.062500
0 0.097656 0.453125 0.109375 0.078125
0 0.146484 0.503906 0.089844 0.085938
0 0.802734 0.632812 0.113281 0.101562
0 0.791016 0.658203 0.113281 0.105469
0 0.314453 0.861328 0.105469 0.066406
0 0.265625 0.884766 0.117188 0.050781
1 0.587891 0.386719 0.089844 0.156250
1 0.525391 0.435547 0.121094 0.160156
1 0.539062 0.453125 0.109375 0.140625
1 0.408203 0.900391 0.082031 0.136719
1 0.437500 0.937500 0.078125 0.125000
1 0.455078 0.921875 0.066406 0.132812
2 0.099609 0.203125 0.191406 0.265625
2 0.679688 0.802734 0.320312 0.214844
