0 0.464844 0.281250 0.140625 0.062500
0 0.339844 0.496094 0.132812 0.078125
0 0.335938 0.531250 0.140625 0.078125
0 0.636719 0.671875 0.117188 0.078125
0 0.681641 0.722656 0.105469 0.070312
0 0.533203 0.892578 0.113281 0.113281
0 0.539062 0.916016 0.125000 0.097656
0 0.738281 0.867188 0.093750 0.117188
0 0.732422 0.931641 0.089844 0.105469
1 0.511719 0.458984 0.148438 0.089844
1 0.478516 0.306641 0.152344 0.074219
2 0.798828 0.236328 0.214844 0.285156
2 0.093750 0.322266 0.179688 0.144531
2 0.078125 0.587891 0.148438 0.152344
