0 0.335938 0.103516 0.078125 0.089844
0 0.277344 0.132812 0.093750 0.093750
0 0.773438 0.189453 0.125000 0.066406
0 0.816406 0.220703 0.117188 0.066406
0 0.326172 0.361328 0.121094 0.066406
0 0.054688 0.460938 0.093750 0.062500
0 0.169922 0.503906 0.121094 0.070312
0 0.125000 0.535156 0.125000 0.062500
0 0.251953 0.699219 0.097656 0.140625
0 0.960938 0.652344 0.078125 0.093750
0 0.957031 0.726562 0.085938 0.117188
0 0.923828 0.847656 0.136719 0.164062
1 0.689453 0.291016 0.191406 0.136719
1 0.351562 0.384766 0.171875 0.082031
1 0.791016 0.759766 0.167969 0.082031
