0 0.156250 0.421875 0.093750 0.062500
0 0.201172 0.388672 0.089844 0.066406
0 0.068359 0.695312 0.074219 0.132812
0 0.050781 0.742188 0.085938 0.085938
0 0.537109 0.642578 0.097656 0.074219
0 0.568359 0.693359 0.097656 0.074219
0 0.638672 0.480469 0.128906 0.078125
0 0.599609 0.128906 0.144531 0.085938
0 0.890625 0.359375 0.109375 0.101562
0 0.845703 0.699219 0.105469 0.117188
0 0.925781 0.820312 0.117188 0.078125
1 0.238281 0.056641 0.117188 0.105469
1 0.085938 0.207031 0.164062 0.085938
1 0.423828 0.216797 0.144531 0.074219
1 0.279297 0.326172 0.152344 0.074219
1 0.638672 0.150391 0.214844 0.089844
1 0.919922 0.351562 0.160156 0.156250
1 0.644531 0.775391 0.078125 0.160156
1 0.759766 0.667969 0.128906 0.101562
1 0.835938 0.816406 0.078125 0.125000
1 0.769531 0.710938 0.125000 0.070312
