0 0.041016 0.205078 0.074219 0.097656
0 0.074219 0.214844 0.078125 0.101562
0 0.175781 0.369141 0.070312 0.082031
0 0.250000 0.339844 0.070312 0.109375
0 0.669922 0.404297 0.121094 0.058594
0 0.052734 0.634766 0.097656 0.097656
0 0.183594 0.976562 0.148438 0.046875
0 0.925781 0.759766 0.117188 0.097656
1 0.894531 0.041016 0.164062 0.066406
1 0.468750 0.076172 0.203125 0.058594
1 0.472656 0.103516 0.195312 0.066406
1 0.208984 0.357422 0.113281 0.160156
1 0.158203 0.517578 0.214844 0.082031
1 0.488281 0.533203 0.250000 0.066406
1 0.769531 0.533203 0.132812 0.097656
1 0.787109 0.552734 0.136719 0.097656
1 0.138672 0.964844 0.144531 0.062500
1 0.289062 0.958984 0.195312 0.082031
1 0.634766 0.425781 0.136719 0.070312
