0 0.693359 0.259766 0.144531 0.066406
0 0.292969 0.541016 0.093750 0.066406
0 0.330078 0.638672 0.113281 0.066406
0 0.187500 0.900391 0.117188 0.066406
0 0.232422 0.914062 0.128906 0.070312
0 0.931641 0.900391 0.082031 0.066406
0 0.916016 0.654297 0.113281 0.074219
0 0.869141 0.433594 0.097656 0.132812
0 0.353516 0.601562 0.113281 0.054688
0 0.439453 0.625000 0.113281 0.078125
1 0.525391 0.199219 0.136719 0.078125
1 0.552734 0.294922 0.144531 0.097656
1 0.572266 0.767578 0.136719 0.144531
1 0.642578 0.951172 0.121094 0.097656
