0 0.134766 0.107422 0.121094 0.089844
0 0.050781 0.132812 0.085938 0.070312
0 0.314453 0.480469 0.121094 0.085938
0 0.533203 0.523438 0.113281 0.054688
0 0.585938 0.488281 0.101562 0.062500
0 0.662109 0.580078 0.113281 0.082031
0 0.457031 0.804688 0.109375 0.070312
0 0.929688 0.597656 0.140625 0.093750
0 0.181641 0.839844 0.089844 0.070312
0 0.232422 0.835938 0.097656 0.078125
0 0.255859 0.908203 0.128906 0.089844
0 0.660156 0.910156 0.125000 0.070312
0 0.869141 0.947266 0.121094 0.066406
1 0.044922 0.884766 0.082031 0.160156
1 0.066406 0.896484 0.085938 0.144531
