0 0.369141 0.023438 0.105469 0.039062
0 0.314453 0.041016 0.113281 0.050781
0 0.861328 0.054688 0.144531 0.078125
0 0.339844 0.160156 0.078125 0.101562
0 0.396484 0.166016 0.113281 0.050781
0 0.255859 0.455078 0.121094 0.066406
0 0.507812 0.425781 0.109375 0.078125
0 0.689453 0.423828 0.128906 0.089844
0 0.789062 0.517578 0.093750 0.097656
0 0.929688 0.583984 0.070312 0.089844
0 0.847656 0.818359 0.070312 0.105469
0 0.892578 0.833984 0.066406 0.113281
0 0.837891 0.876953 0.105469 0.105469
1 0.322266 0.136719 0.082031 0.117188
1 0.085938 0.488281 0.164062 0.078125
1 0.242188 0.667969 0.164062 0.078125
1 0.511719 0.517578 0.156250 0.074219
1 0.765625 0.591797 0.140625 0.074219
1 0.947266 0.562500 0.089844 0.132812
1 0.890625 0.685547 0.093750 0.144531
