0 0.527344 0.279297 0.140625 0.066406
0 0.656250 0.498047 0.140625 0.074219
0 0.666016 0.529297 0.144531 0.074219
0 0.363281 0.671875 0.109375 0.070312
0 0.316406 0.720703 0.109375 0.074219
0 0.257812 0.869141 0.093750 0.113281
0 0.257812 0.929688 0.085938 0.101562
0 0.462891 0.888672 0.128906 0.105469
0 0.453125 0.917969 0.117188 0.109375
1 0.511719 0.304688 0.148438 0.078125
1 0.486328 0.455078 0.152344 0.097656
2 0.195312 0.238281 0.210938 0.281250
2 0.910156 0.320312 0.179688 0.140625
2 0.921875 0.595703 0.156250 0.144531
