0 0.849609 0.083984 0.167969 0.058594
0 0.707031 0.423828 0.140625 0.066406
0 0.671875 0.458984 0.171875 0.058594
0 0.234375 0.462891 0.140625 0.066406
0 0.279297 0.484375 0.128906 0.062500
1 0.871094 0.054688 0.171875 0.062500
1 0.103516 0.498047 0.199219 0.113281
1 0.085938 0.515625 0.164062 0.093750
1 0.238281 0.667969 0.195312 0.062500
1 0.248047 0.697266 0.183594 0.058594
2 0.365234 0.134766 0.277344 0.261719
2 0.505859 0.501953 0.214844 0.207031
2 0.775391 0.576172 0.191406 0.183594
2 0.845703 0.748047 0.308594 0.503906
