0 0.363281 0.025391 0.117188 0.042969
0 0.328125 0.048828 0.117188 0.058594
0 0.341797 0.167969 0.082031 0.117188
0 0.400391 0.175781 0.128906 0.054688
0 0.056641 0.498047 0.089844 0.074219
0 0.109375 0.492188 0.109375 0.078125
0 0.257812 0.462891 0.148438 0.074219
0 0.216797 0.662109 0.113281 0.066406
0 0.269531 0.683594 0.101562 0.062500
0 0.509766 0.431641 0.128906 0.082031
0 0.488281 0.527344 0.101562 0.070312
0 0.539062 0.519531 0.101562 0.062500
0 0.693359 0.431641 0.136719 0.097656
0 0.744141 0.587891 0.089844 0.050781
0 0.787109 0.607422 0.089844 0.050781
0 0.787109 0.525391 0.097656 0.105469
1 0.859375 0.058594 0.164062 0.078125
1 0.324219 0.144531 0.101562 0.132812
2 0.884766 0.726562 0.230469 0.453125
