0 0.492188 0.466797 0.187500 0.113281
0 0.658203 0.503906 0.191406 0.085938
0 0.341797 0.681641 0.136719 0.082031
0 0.330078 0.716797 0.136719 0.082031
1 0.535156 0.283203 0.187500 0.074219
1 0.527344 0.306641 0.210938 0.082031
1 0.656250 0.535156 0.187500 0.093750
1 0.478516 0.908203 0.160156 0.136719
1 0.460938 0.925781 0.164062 0.140625
1 0.265625 0.892578 0.117188 0.160156
1 0.246094 0.919922 0.101562 0.136719
2 0.197266 0.248047 0.253906 0.308594
2 0.900391 0.359375 0.199219 0.226562
2 0.914062 0.595703 0.171875 0.160156
