0 0.804688 0.037109 0.101562 0.066406
0 0.876953 0.476562 0.113281 0.117188
0 0.410156 0.382812 0.070312 0.117188
0 0.447266 0.457031 0.097656 0.109375
0 0.466797 0.429688 0.097656 0.109375
0 0.201172 0.625000 0.097656 0.078125
0 0.197266 0.666016 0.097656 0.082031
0 0.589844 0.892578 0.078125 0.113281
0 0.546875 0.927734 0.070312 0.105469
0 0.560547 0.953125 0.082031 0.093750
1 0.917969 0.128906 0.164062 0.117188
1 0.898438 0.226562 0.070312 0.148438
1 0.923828 0.210938 0.066406 0.140625
1 0.710938 0.869141 0.148438 0.089844
2 0.298828 0.789062 0.300781 0.171875
