0 0.427734 0.046875 0.113281 0.054688
0 0.478516 0.025391 0.105469 0.042969
0 0.597656 0.056641 0.125000 0.082031
0 0.658203 0.064453 0.121094 0.074219
0 0.162109 0.400391 0.097656 0.058594
0 0.750000 0.240234 0.140625 0.058594
0 0.910156 0.447266 0.101562 0.082031
0 0.623047 0.595703 0.136719 0.066406
0 0.435547 0.699219 0.113281 0.054688
0 0.390625 0.728516 0.101562 0.050781
0 0.810547 0.787109 0.066406 0.097656
0 0.847656 0.740234 0.054688 0.113281
0 0.847656 0.947266 0.070312 0.074219
0 0.894531 0.917969 0.062500 0.085938
1 0.501953 0.169922 0.144531 0.089844
1 0.509766 0.195312 0.160156 0.101562
1 0.812500 0.363281 0.140625 0.070312
1 0.607422 0.492188 0.136719 0.101562
1 0.765625 0.625000 0.132812 0.101562
1 0.802734 0.748047 0.089844 0.128906
1 0.851562 0.916016 0.117188 0.113281
1 0.134766 0.904297 0.136719 0.089844
1 0.068359 0.593750 0.128906 0.062500
