0 0.333984 0.039062 0.128906 0.054688
0 0.398438 0.025391 0.125000 0.042969
0 0.691406 0.068359 0.062500 0.128906
0 0.830078 0.156250 0.175781 0.054688
0 0.105469 0.292969 0.117188 0.062500
0 0.117188 0.326172 0.109375 0.058594
1 0.531250 0.101562 0.171875 0.085938
1 0.509766 0.121094 0.160156 0.078125
1 0.720703 0.056641 0.066406 0.105469
1 0.820312 0.191406 0.179688 0.062500
1 0.390625 0.535156 0.257812 0.085938
1 0.423828 0.560547 0.191406 0.066406
1 0.861328 0.597656 0.191406 0.054688
1 0.845703 0.630859 0.183594 0.050781
1 0.929688 0.724609 0.140625 0.097656
