0 0.134766 0.093750 0.097656 0.101562
0 0.195312 0.105469 0.109375 0.093750
0 0.302734 0.292969 0.136719 0.101562
0 0.300781 0.470703 0.117188 0.082031
0 0.271484 0.515625 0.113281 0.070312
0 0.386719 0.720703 0.109375 0.074219
0 0.373047 0.759766 0.121094 0.074219
0 0.664062 0.626953 0.093750 0.074219
0 0.728516 0.615234 0.097656 0.082031
1 0.130859 0.210938 0.175781 0.101562
1 0.041016 0.384766 0.074219 0.128906
1 0.291016 0.322266 0.152344 0.113281
1 0.195312 0.878906 0.140625 0.085938
1 0.070312 0.949219 0.132812 0.070312
2 0.857422 0.425781 0.285156 0.242188
