0 0.892578 0.052734 0.113281 0.066406
0 0.828125 0.074219 0.117188 0.062500
0 0.060547 0.498047 0.105469 0.089844
0 0.103516 0.490234 0.136719 0.082031
0 0.224609 0.664062 0.121094 0.062500
0 0.257812 0.683594 0.125000 0.054688
0 0.500000 0.533203 0.117188 0.074219
0 0.531250 0.517578 0.109375 0.074219
0 0.755859 0.587891 0.097656 0.058594
0 0.779297 0.611328 0.097656 0.058594
1 0.257812 0.462891 0.164062 0.074219
1 0.507812 0.435547 0.156250 0.089844
1 0.693359 0.433594 0.175781 0.101562
1 0.777344 0.531250 0.125000 0.117188
2 0.363281 0.121094 0.242188 0.234375
2 0.882812 0.724609 0.234375 0.449219
