0 0.238281 0.050781 0.101562 0.093750
0 0.425781 0.208984 0.125000 0.066406
0 0.279297 0.318359 0.136719 0.074219
0 0.591797 0.126953 0.121094 0.074219
0 0.888672 0.351562 0.097656 0.085938
0 0.634766 0.472656 0.121094 0.070312
0 0.060547 0.681641 0.066406 0.121094
0 0.640625 0.765625 0.070312 0.140625
0 0.769531 0.656250 0.109375 0.093750
0 0.767578 0.697266 0.105469 0.066406
0 0.837891 0.818359 0.074219 0.113281
0 0.927734 0.814453 0.105469 0.074219
1 0.082031 0.197266 0.148438 0.074219
1 0.173828 0.396484 0.136719 0.089844
1 0.634766 0.144531 0.175781 0.085938
1 0.921875 0.341797 0.140625 0.136719
1 0.548828 0.654297 0.121094 0.144531
1 0.837891 0.689453 0.097656 0.097656
1 0.050781 0.714844 0.093750 0.125000
