0 0.232422 0.035156 0.105469 0.062500
0 0.248047 0.070312 0.105469 0.078125
0 0.107422 0.195312 0.121094 0.062500
0 0.060547 0.216797 0.113281 0.058594
0 0.460938 0.210938 0.109375 0.062500
0 0.396484 0.220703 0.105469 0.066406
0 0.593750 0.158203 0.148438 0.082031
0 0.234375 0.330078 0.101562 0.074219
0 0.314453 0.330078 0.113281 0.074219
0 0.189453 0.386719 0.121094 0.062500
0 0.167969 0.421875 0.125000 0.054688
0 0.048828 0.744141 0.089844 0.097656
0 0.546875 0.646484 0.125000 0.082031
0 0.560547 0.689453 0.121094 0.089844
1 0.613281 0.132812 0.187500 0.085938
1 0.681641 0.146484 0.144531 0.097656
1 0.898438 0.333984 0.187500 0.167969
1 0.884766 0.355469 0.144531 0.117188
1 0.640625 0.482422 0.179688 0.074219
1 0.074219 0.707031 0.109375 0.171875
2 0.789062 0.748047 0.390625 0.292969
