0 0.283203 0.361328 0.105469 0.066406
0 0.353516 0.347656 0.097656 0.054688
0 0.052734 0.458984 0.089844 0.082031
0 0.093750 0.462891 0.109375 0.089844
0 0.439453 0.455078 0.160156 0.066406
0 0.185547 0.748047 0.089844 0.074219
0 0.250000 0.748047 0.093750 0.066406
1 0.767578 0.490234 0.152344 0.152344
1 0.626953 0.712891 0.136719 0.089844
1 0.904297 0.802734 0.152344 0.089844
1 0.955078 0.064453 0.089844 0.113281
2 0.634766 0.078125 0.269531 0.148438
2 0.224609 0.123047 0.324219 0.199219
2 0.406250 0.873047 0.281250 0.253906
