0 0.849609 0.416016 0.089844 0.105469
1 0.591797 0.027344 0.207031 0.046875
1 0.599609 0.048828 0.253906 0.089844
1 0.851562 0.068359 0.140625 0.066406
1 0.832031 0.093750 0.156250 0.070312
1 0.058594 0.455078 0.109375 0.105469
1 0.833984 0.437500 0.097656 0.117188
1 0.820312 0.623047 0.140625 0.082031
1 0.796875 0.640625 0.140625 0.078125
1 0.490234 0.890625 0.191406 0.101562
1 0.507812 0.910156 0.195312 0.101562
1 0.060547 0.416016 0.113281 0.113281
2 0.279297 0.691406 0.371094 0.140625
2 0.865234 0.763672 0.269531 0.136719
2 0.339844 0.128906 0.273438 0.250000
