0 0.111328 0.617188 0.089844 0.046875
0 0.173828 0.619141 0.082031 0.050781
0 0.121094 0.896484 0.117188 0.050781
0 0.148438 0.927734 0.125000 0.050781
0 0.607422 0.486328 0.136719 0.066406
0 0.597656 0.519531 0.132812 0.062500
0 0.792969 0.369141 0.125000 0.074219
0 0.824219 0.384766 0.125000 0.074219
1 0.460938 0.031250 0.171875 0.054688
1 0.453125 0.058594 0.179688 0.046875
1 0.746094 0.244141 0.218750 0.074219
1 0.925781 0.468750 0.148438 0.125000
1 0.414062 0.705078 0.195312 0.050781
1 0.396484 0.738281 0.167969 0.046875
1 0.142578 0.410156 0.152344 0.054688
1 0.048828 0.601562 0.089844 0.054688
2 0.560547 0.142578 0.371094 0.261719
2 0.720703 0.712891 0.347656 0.308594
2 0.863281 0.923828 0.210938 0.152344
