0 0.052734 0.146484 0.097656 0.074219
0 0.076172 0.185547 0.089844 0.058594
0 0.402344 0.173828 0.101562 0.113281
0 0.503906 0.287109 0.109375 0.113281
0 0.666016 0.205078 0.113281 0.082031
0 0.718750 0.208984 0.109375 0.089844
0 0.462891 0.498047 0.097656 0.066406
0 0.529297 0.503906 0.097656 0.078125
0 0.101562 0.779297 0.117188 0.089844
0 0.134766 0.919922 0.121094 0.066406
0 0.068359 0.935547 0.121094 0.050781
1 0.580078 0.126953 0.152344 0.121094
1 0.597656 0.144531 0.148438 0.125000
1 0.117188 0.794922 0.132812 0.105469
1 0.097656 0.957031 0.148438 0.062500
2 0.271484 0.222656 0.199219 0.148438
2 0.523438 0.644531 0.398438 0.257812
