0 0.066406 0.167969 0.125000 0.070312
0 0.410156 0.181641 0.117188 0.058594
0 0.261719 0.287109 0.117188 0.074219
0 0.615234 0.447266 0.105469 0.074219
0 0.574219 0.099609 0.109375 0.074219
0 0.873047 0.322266 0.082031 0.082031
0 0.039062 0.648438 0.070312 0.109375
0 0.623047 0.732422 0.074219 0.121094
0 0.757812 0.630859 0.093750 0.089844
0 0.818359 0.656250 0.089844 0.085938
0 0.761719 0.673828 0.093750 0.058594
0 0.916016 0.789062 0.097656 0.078125
1 0.619141 0.113281 0.152344 0.078125
1 0.156250 0.373047 0.109375 0.089844
1 0.531250 0.625000 0.109375 0.125000
1 0.906250 0.316406 0.132812 0.125000
