0 0.564453 0.039062 0.105469 0.070312
0 0.519531 0.046875 0.101562 0.070312
0 0.718750 0.123047 0.125000 0.058594
0 0.703125 0.156250 0.125000 0.062500
0 0.916016 0.119141 0.128906 0.066406
0 0.900391 0.152344 0.136719 0.070312
0 0.351562 0.064453 0.109375 0.121094
0 0.269531 0.279297 0.125000 0.066406
0 0.126953 0.480469 0.113281 0.054688
0 0.136719 0.511719 0.117188 0.054688
0 0.439453 0.376953 0.121094 0.074219
0 0.480469 0.390625 0.125000 0.085938
0 0.242188 0.814453 0.125000 0.066406
0 0.410156 0.787109 0.132812 0.058594
0 0.369141 0.822266 0.121094 0.050781
0 0.822266 0.951172 0.121094 0.042969
1 0.261719 0.314453 0.140625 0.074219
1 0.169922 0.427734 0.144531 0.097656
1 0.369141 0.429688 0.160156 0.078125
1 0.830078 0.974609 0.230469 0.050781
1 0.253906 0.845703 0.148438 0.074219
2 0.783203 0.562500 0.378906 0.312500
