0 0.689453 0.087891 0.105469 0.089844
0 0.302734 0.347656 0.136719 0.070312
0 0.435547 0.445312 0.121094 0.070312
0 0.771484 0.482422 0.113281 0.105469
0 0.621094 0.705078 0.109375 0.082031
0 0.898438 0.792969 0.125000 0.078125
0 0.312500 0.892578 0.054688 0.097656
0 0.208984 0.740234 0.128906 0.066406
1 0.605469 0.054688 0.109375 0.085938
1 0.595703 0.041016 0.113281 0.074219
1 0.076172 0.451172 0.144531 0.089844
1 0.339844 0.851562 0.054688 0.187500
1 0.437500 0.949219 0.171875 0.070312
2 0.216797 0.105469 0.292969 0.164062
