0 0.587891 0.037109 0.144531 0.066406
0 0.156250 0.693359 0.101562 0.074219
0 0.234375 0.693359 0.109375 0.066406
0 0.470703 0.892578 0.113281 0.082031
0 0.535156 0.890625 0.117188 0.070312
0 0.851562 0.775391 0.109375 0.050781
0 0.927734 0.769531 0.089844 0.070312
1 0.839844 0.074219 0.156250 0.078125
1 0.335938 0.048828 0.164062 0.082031
1 0.320312 0.068359 0.195312 0.105469
1 0.371094 0.177734 0.187500 0.066406
1 0.056641 0.429688 0.105469 0.132812
1 0.371094 0.664062 0.148438 0.070312
1 0.806641 0.621094 0.160156 0.078125
1 0.841797 0.423828 0.089844 0.144531
1 0.835938 0.746094 0.140625 0.062500
