0 0.089844 0.039062 0.109375 0.070312
0 0.058594 0.091797 0.101562 0.089844
0 0.308594 0.197266 0.101562 0.082031
0 0.371094 0.189453 0.101562 0.082031
0 0.599609 0.238281 0.105469 0.070312
0 0.632812 0.279297 0.109375 0.066406
0 0.265625 0.328125 0.109375 0.062500
0 0.304688 0.363281 0.093750 0.054688
0 0.677734 0.470703 0.136719 0.074219
0 0.570312 0.589844 0.132812 0.070312
0 0.525391 0.738281 0.113281 0.109375
0 0.724609 0.925781 0.097656 0.085938
0 0.775391 0.923828 0.097656 0.082031
0 0.228516 0.849609 0.074219 0.082031
0 0.277344 0.828125 0.078125 0.085938
1 0.513672 0.492188 0.144531 0.093750
