0 0.546875 0.281250 0.117188 0.062500
0 0.501953 0.298828 0.121094 0.066406
0 0.904297 0.308594 0.144531 0.093750
0 0.482422 0.449219 0.128906 0.085938
0 0.642578 0.492188 0.113281 0.070312
0 0.671875 0.529297 0.117188 0.066406
0 0.457031 0.880859 0.101562 0.097656
0 0.462891 0.921875 0.105469 0.093750
0 0.937500 0.574219 0.101562 0.070312
1 0.927734 0.328125 0.144531 0.078125
1 0.933594 0.609375 0.132812 0.062500
1 0.343750 0.689453 0.125000 0.113281
1 0.253906 0.890625 0.109375 0.171875
2 0.191406 0.238281 0.203125 0.273438
