0 0.191406 0.628906 0.109375 0.093750
0 0.201172 0.660156 0.121094 0.093750
0 0.849609 0.503906 0.089844 0.078125
0 0.896484 0.451172 0.105469 0.066406
0 0.814453 0.042969 0.121094 0.062500
0 0.683594 0.857422 0.109375 0.058594
0 0.732422 0.884766 0.113281 0.058594
1 0.406250 0.390625 0.093750 0.156250
1 0.455078 0.455078 0.105469 0.144531
1 0.472656 0.433594 0.109375 0.156250
1 0.537109 0.921875 0.058594 0.140625
1 0.560547 0.939453 0.074219 0.121094
1 0.585938 0.896484 0.078125 0.144531
2 0.906250 0.207031 0.187500 0.273438
2 0.318359 0.800781 0.332031 0.203125
