0 0.441406 0.074219 0.109375 0.070312
0 0.503906 0.091797 0.117188 0.066406
0 0.058594 0.203125 0.109375 0.085938
0 0.183594 0.351562 0.085938 0.101562
0 0.240234 0.330078 0.089844 0.089844
0 0.152344 0.503906 0.132812 0.078125
0 0.751953 0.535156 0.082031 0.070312
0 0.804688 0.529297 0.085938 0.082031
0 0.308594 0.951172 0.125000 0.082031
1 0.873047 0.033203 0.175781 0.058594
1 0.654297 0.406250 0.144531 0.070312
1 0.494141 0.521484 0.152344 0.066406
1 0.148438 0.966797 0.156250 0.066406
1 0.935547 0.748047 0.128906 0.082031
