0 0.066406 0.158203 0.125000 0.082031
0 0.070312 0.193359 0.109375 0.066406
0 0.566406 0.169922 0.101562 0.105469
0 0.626953 0.144531 0.113281 0.117188
0 0.087891 0.832031 0.113281 0.078125
0 0.158203 0.779297 0.074219 0.097656
1 0.583984 0.134766 0.199219 0.160156
1 0.677734 0.207031 0.152344 0.101562
1 0.705078 0.220703 0.144531 0.105469
1 0.505859 0.291016 0.144531 0.128906
1 0.095703 0.785156 0.144531 0.125000
2 0.314453 0.207031 0.316406 0.195312
2 0.517578 0.615234 0.394531 0.339844
2 0.109375 0.939453 0.210938 0.121094
