0 0.482422 0.289062 0.105469 0.078125
0 0.544922 0.277344 0.097656 0.062500
0 0.888672 0.298828 0.121094 0.089844
0 0.476562 0.443359 0.117188 0.082031
0 0.628906 0.484375 0.101562 0.078125
0 0.679688 0.523438 0.109375 0.070312
0 0.919922 0.599609 0.128906 0.058594
0 0.339844 0.685547 0.117188 0.105469
0 0.447266 0.869141 0.097656 0.089844
0 0.462891 0.919922 0.089844 0.089844
0 0.347656 0.976562 0.132812 0.046875
1 0.925781 0.318359 0.132812 0.066406
1 0.949219 0.564453 0.101562 0.058594
1 0.253906 0.884766 0.093750 0.144531
2 0.193359 0.232422 0.191406 0.269531
