0 0.134766 0.210938 0.136719 0.085938
0 0.296875 0.281250 0.117188 0.085938
0 0.302734 0.326172 0.121094 0.097656
0 0.041016 0.390625 0.074219 0.109375
0 0.068359 0.947266 0.121094 0.074219
0 0.193359 0.880859 0.113281 0.074219
0 0.357422 0.761719 0.089844 0.078125
0 0.398438 0.710938 0.093750 0.078125
0 0.787109 0.347656 0.136719 0.062500
0 0.863281 0.363281 0.125000 0.062500
1 0.173828 0.095703 0.167969 0.097656
1 0.283203 0.492188 0.144531 0.132812
1 0.703125 0.617188 0.132812 0.085938
1 0.929688 0.500000 0.140625 0.078125
1 0.906250 0.408203 0.164062 0.082031
