0 0.386719 0.134766 0.093750 0.105469
0 0.482422 0.257812 0.089844 0.093750
0 0.582031 0.109375 0.117188 0.101562
0 0.589844 0.533203 0.085938 0.089844
0 0.392578 0.689453 0.128906 0.082031
0 0.078125 0.753906 0.085938 0.078125
0 0.107422 0.759766 0.105469 0.089844
0 0.068359 0.925781 0.113281 0.062500
1 0.050781 0.134766 0.093750 0.113281
1 0.556641 0.095703 0.113281 0.097656
1 0.675781 0.173828 0.156250 0.089844
1 0.472656 0.466797 0.140625 0.074219
1 0.605469 0.593750 0.140625 0.054688
1 0.521484 0.636719 0.128906 0.078125
1 0.091797 0.892578 0.167969 0.066406
2 0.248047 0.191406 0.152344 0.148438
