0 0.400391 0.166016 0.097656 0.113281
0 0.498047 0.285156 0.097656 0.101562
0 0.654297 0.207031 0.097656 0.078125
0 0.722656 0.195312 0.093750 0.078125
0 0.095703 0.777344 0.105469 0.085938
0 0.117188 0.791016 0.109375 0.097656
0 0.140625 0.914062 0.109375 0.054688
0 0.060547 0.931641 0.097656 0.058594
0 0.091797 0.949219 0.128906 0.062500
1 0.062500 0.162109 0.117188 0.121094
1 0.576172 0.121094 0.128906 0.109375
1 0.597656 0.138672 0.132812 0.105469
1 0.490234 0.492188 0.160156 0.078125
2 0.263672 0.220703 0.175781 0.152344
2 0.521484 0.642578 0.378906 0.246094
