0 0.843750 0.033203 0.117188 0.058594
0 0.304688 0.109375 0.085938 0.101562
0 0.240234 0.427734 0.113281 0.066406
0 0.492188 0.398438 0.101562 0.070312
0 0.671875 0.398438 0.109375 0.085938
0 0.773438 0.488281 0.093750 0.093750
0 0.908203 0.554688 0.066406 0.078125
0 0.833984 0.791016 0.066406 0.089844
0 0.875000 0.804688 0.070312 0.101562
0 0.824219 0.847656 0.093750 0.085938
0 0.750000 0.957031 0.078125 0.085938
1 0.353516 0.146484 0.160156 0.082031
1 0.070312 0.458984 0.132812 0.066406
1 0.496094 0.494141 0.132812 0.066406
1 0.226562 0.640625 0.148438 0.078125
1 0.750000 0.566406 0.117188 0.070312
1 0.933594 0.539062 0.078125 0.117188
1 0.873047 0.658203 0.082031 0.121094
