0 0.222656 0.189453 0.117188 0.066406
0 0.177734 0.216797 0.113281 0.058594
0 0.658203 0.099609 0.074219 0.097656
0 0.714844 0.128906 0.085938 0.078125
0 0.669922 0.359375 0.121094 0.062500
0 0.828125 0.500000 0.117188 0.062500
0 0.871094 0.533203 0.125000 0.058594
0 0.939453 0.458984 0.089844 0.058594
0 0.742188 0.697266 0.093750 0.144531
0 0.068359 0.849609 0.121094 0.152344
0 0.037109 0.654297 0.066406 0.089844
0 0.037109 0.720703 0.066406 0.097656
1 0.302734 0.291016 0.175781 0.128906
1 0.638672 0.380859 0.167969 0.082031
1 0.205078 0.751953 0.160156 0.082031
