0 0.195312 0.218750 0.093750 0.093750
0 0.205078 0.273438 0.097656 0.085938
0 0.841797 0.095703 0.144531 0.050781
0 0.558594 0.386719 0.125000 0.085938
0 0.615234 0.396484 0.121094 0.066406
1 0.865234 0.130859 0.175781 0.058594
1 0.839844 0.292969 0.164062 0.054688
1 0.810547 0.324219 0.175781 0.054688
1 0.927734 0.597656 0.144531 0.109375
1 0.642578 0.740234 0.160156 0.050781
1 0.628906 0.775391 0.164062 0.050781
1 0.744141 0.878906 0.152344 0.078125
1 0.726562 0.904297 0.132812 0.082031
2 0.400391 0.539062 0.222656 0.187500
