0 0.332031 0.349609 0.140625 0.066406
0 0.402344 0.460938 0.117188 0.078125
0 0.478516 0.462891 0.136719 0.066406
0 0.605469 0.718750 0.093750 0.093750
0 0.646484 0.716797 0.089844 0.089844
0 0.232422 0.763672 0.136719 0.074219
0 0.927734 0.810547 0.121094 0.097656
1 0.306641 0.373047 0.152344 0.066406
1 0.068359 0.460938 0.121094 0.109375
1 0.085938 0.476562 0.156250 0.125000
1 0.205078 0.748047 0.128906 0.074219
1 0.767578 0.482422 0.152344 0.097656
1 0.765625 0.517578 0.132812 0.089844
1 0.890625 0.812500 0.125000 0.093750
2 0.228516 0.130859 0.371094 0.230469
2 0.638672 0.089844 0.308594 0.171875
2 0.917969 0.070312 0.164062 0.132812
2 0.408203 0.865234 0.292969 0.269531
