0 0.347656 0.054688 0.085938 0.101562
0 0.533203 0.035156 0.136719 0.062500
0 0.277344 0.267578 0.093750 0.058594
0 0.234375 0.306641 0.093750 0.066406
0 0.189453 0.412109 0.097656 0.089844
0 0.345703 0.412109 0.105469 0.074219
0 0.224609 0.800781 0.105469 0.070312
0 0.265625 0.843750 0.093750 0.062500
1 0.705078 0.130859 0.136719 0.105469
1 0.900391 0.128906 0.136719 0.117188
1 0.458984 0.371094 0.160156 0.078125
1 0.125000 0.486328 0.132812 0.097656
1 0.785156 0.955078 0.140625 0.089844
1 0.900391 0.978516 0.160156 0.042969
1 0.392578 0.787109 0.136719 0.105469
2 0.773438 0.552734 0.351562 0.300781
