0 0.574219 0.583984 0.140625 0.066406
0 0.541016 0.603516 0.136719 0.066406
0 0.521484 0.724609 0.121094 0.074219
0 0.542969 0.769531 0.117188 0.070312
1 0.074219 0.062500 0.140625 0.117188
1 0.082031 0.085938 0.156250 0.132812
1 0.335938 0.185547 0.164062 0.121094
1 0.351562 0.203125 0.179688 0.132812
1 0.621094 0.248047 0.179688 0.082031
1 0.617188 0.281250 0.171875 0.085938
1 0.283203 0.343750 0.167969 0.062500
1 0.283203 0.373047 0.136719 0.058594
1 0.238281 0.841797 0.117188 0.128906
1 0.253906 0.859375 0.125000 0.140625
1 0.738281 0.923828 0.179688 0.113281
1 0.759766 0.943359 0.167969 0.113281
2 0.601562 0.488281 0.335938 0.140625
