0 0.705078 0.117188 0.089844 0.117188
0 0.667969 0.119141 0.078125 0.105469
0 0.210938 0.191406 0.132812 0.062500
0 0.195312 0.222656 0.140625 0.054688
0 0.322266 0.271484 0.152344 0.066406
0 0.291016 0.318359 0.136719 0.074219
0 0.042969 0.667969 0.078125 0.109375
0 0.035156 0.710938 0.062500 0.125000
0 0.742188 0.703125 0.101562 0.179688
0 0.597656 0.375000 0.109375 0.062500
0 0.681641 0.398438 0.128906 0.054688
0 0.949219 0.466797 0.101562 0.066406
0 0.845703 0.501953 0.144531 0.058594
0 0.865234 0.537109 0.144531 0.058594
1 0.666016 0.359375 0.160156 0.070312
1 0.189453 0.757812 0.199219 0.078125
1 0.085938 0.841797 0.156250 0.175781
