0 0.865234 0.408203 0.105469 0.105469
0 0.869141 0.462891 0.105469 0.113281
0 0.917969 0.636719 0.109375 0.062500
0 0.179688 0.935547 0.125000 0.074219
0 0.253906 0.917969 0.101562 0.085938
1 0.281250 0.513672 0.140625 0.082031
1 0.285156 0.544922 0.148438 0.082031
1 0.193359 0.902344 0.175781 0.085938
1 0.556641 0.767578 0.097656 0.160156
1 0.585938 0.775391 0.101562 0.152344
1 0.943359 0.890625 0.113281 0.109375
1 0.921875 0.667969 0.156250 0.070312
2 0.611328 0.257812 0.332031 0.210938
2 0.380859 0.626953 0.300781 0.144531
