0 0.351562 0.058594 0.085938 0.109375
0 0.726562 0.125000 0.093750 0.062500
0 0.691406 0.154297 0.101562 0.066406
0 0.927734 0.115234 0.105469 0.066406
0 0.888672 0.160156 0.105469 0.070312
0 0.277344 0.275391 0.101562 0.058594
0 0.248047 0.314453 0.105469 0.066406
0 0.187500 0.419922 0.109375 0.089844
0 0.119141 0.476562 0.097656 0.054688
0 0.140625 0.507812 0.101562 0.054688
0 0.490234 0.380859 0.105469 0.074219
0 0.232422 0.808594 0.105469 0.062500
0 0.261719 0.847656 0.109375 0.062500
0 0.820312 0.951172 0.093750 0.050781
0 0.431641 0.378906 0.113281 0.070312
1 0.537109 0.037109 0.160156 0.066406
1 0.353516 0.421875 0.128906 0.078125
1 0.392578 0.800781 0.167969 0.109375
1 0.814453 0.974609 0.183594 0.050781
2 0.779297 0.564453 0.332031 0.300781
