0 0.150391 0.109375 0.128906 0.117188
0 0.029297 0.423828 0.050781 0.097656
0 0.279297 0.513672 0.144531 0.089844
0 0.115234 0.962891 0.128906 0.074219
0 0.675781 0.623047 0.125000 0.089844
0 0.710938 0.630859 0.125000 0.089844
1 0.183594 0.101562 0.156250 0.109375
1 0.044922 0.375000 0.082031 0.171875
1 0.287109 0.482422 0.160156 0.097656
1 0.210938 0.880859 0.195312 0.105469
1 0.376953 0.726562 0.144531 0.093750
1 0.384766 0.753906 0.160156 0.093750
2 0.849609 0.439453 0.300781 0.277344
2 0.218750 0.283203 0.359375 0.238281
