0 0.488281 0.136719 0.109375 0.085938
0 0.730469 0.205078 0.101562 0.066406
0 0.789062 0.332031 0.117188 0.070312
0 0.587891 0.460938 0.105469 0.085938
0 0.601562 0.560547 0.101562 0.066406
0 0.744141 0.587891 0.105469 0.082031
0 0.113281 0.865234 0.109375 0.089844
0 0.781250 0.712891 0.070312 0.105469
0 0.833984 0.878906 0.089844 0.085938
1 0.611328 0.031250 0.183594 0.054688
1 0.494141 0.162109 0.113281 0.082031
1 0.121094 0.378906 0.132812 0.078125
1 0.398438 0.679688 0.140625 0.085938
1 0.847656 0.898438 0.101562 0.093750
1 0.806641 0.730469 0.082031 0.125000
1 0.921875 0.423828 0.125000 0.082031
