0 0.052734 0.140625 0.097656 0.078125
0 0.318359 0.488281 0.144531 0.093750
0 0.582031 0.494141 0.109375 0.066406
0 0.546875 0.529297 0.117188 0.058594
0 0.183594 0.841797 0.101562 0.074219
0 0.224609 0.843750 0.113281 0.085938
0 0.462891 0.814453 0.121094 0.074219
0 0.871094 0.953125 0.132812 0.070312
1 0.060547 0.115234 0.113281 0.097656
1 0.126953 0.117188 0.128906 0.101562
1 0.666016 0.583984 0.136719 0.089844
1 0.927734 0.603516 0.144531 0.097656
1 0.253906 0.910156 0.140625 0.093750
1 0.664062 0.916016 0.140625 0.074219
2 0.064453 0.880859 0.121094 0.222656
