0 0.816406 0.085938 0.117188 0.070312
0 0.861328 0.066406 0.105469 0.062500
0 0.402344 0.175781 0.125000 0.078125
0 0.353516 0.187500 0.128906 0.070312
0 0.064453 0.458984 0.105469 0.082031
0 0.847656 0.408203 0.085938 0.089844
0 0.839844 0.437500 0.085938 0.093750
0 0.783203 0.628906 0.113281 0.070312
0 0.835938 0.621094 0.109375 0.085938
0 0.482422 0.888672 0.152344 0.089844
0 0.515625 0.904297 0.156250 0.089844
0 0.167969 0.703125 0.125000 0.078125
0 0.218750 0.687500 0.148438 0.078125
1 0.603516 0.019531 0.175781 0.031250
1 0.597656 0.041016 0.187500 0.074219
1 0.355469 0.664062 0.195312 0.070312
2 0.322266 0.070312 0.253906 0.132812
2 0.869141 0.759766 0.261719 0.121094
