0 0.470703 0.027344 0.144531 0.046875
0 0.439453 0.054688 0.136719 0.054688
0 0.148438 0.400391 0.132812 0.058594
0 0.103516 0.607422 0.128906 0.050781
0 0.107422 0.894531 0.097656 0.054688
0 0.154297 0.923828 0.105469 0.050781
0 0.419922 0.707031 0.144531 0.054688
0 0.400391 0.732422 0.128906 0.050781
0 0.617188 0.480469 0.109375 0.062500
0 0.585938 0.513672 0.109375 0.058594
0 0.771484 0.369141 0.105469 0.074219
0 0.845703 0.369141 0.105469 0.058594
0 0.919922 0.460938 0.113281 0.093750
0 0.955078 0.458984 0.089844 0.097656
1 0.748047 0.244141 0.175781 0.066406
1 0.609375 0.058594 0.179688 0.093750
1 0.640625 0.072266 0.171875 0.089844
2 0.507812 0.189453 0.218750 0.175781
2 0.714844 0.708984 0.351562 0.300781
2 0.861328 0.923828 0.183594 0.152344
