0 0.583984 0.054688 0.105469 0.078125
0 0.666016 0.050781 0.105469 0.070312
0 0.498047 0.162109 0.121094 0.082031
0 0.167969 0.394531 0.093750 0.062500
0 0.744141 0.234375 0.121094 0.062500
0 0.806641 0.359375 0.121094 0.070312
0 0.601562 0.484375 0.109375 0.085938
0 0.619141 0.587891 0.113281 0.066406
0 0.757812 0.615234 0.117188 0.089844
0 0.794922 0.746094 0.074219 0.117188
0 0.845703 0.910156 0.105469 0.093750
1 0.445312 0.035156 0.156250 0.062500
1 0.511719 0.189453 0.132812 0.089844
1 0.931641 0.451172 0.136719 0.097656
1 0.126953 0.892578 0.121094 0.089844
1 0.412109 0.703125 0.152344 0.078125
1 0.820312 0.757812 0.101562 0.148438
1 0.863281 0.923828 0.109375 0.105469
