0 0.365234 0.171875 0.152344 0.070312
0 0.582031 0.035156 0.132812 0.062500
0 0.052734 0.425781 0.097656 0.117188
0 0.460938 0.890625 0.101562 0.070312
0 0.535156 0.878906 0.117188 0.062500
0 0.800781 0.617188 0.132812 0.070312
0 0.851562 0.763672 0.101562 0.050781
1 0.332031 0.042969 0.148438 0.078125
1 0.314453 0.066406 0.167969 0.093750
1 0.833984 0.066406 0.136719 0.070312
1 0.839844 0.416016 0.078125 0.128906
1 0.371094 0.654297 0.125000 0.074219
1 0.189453 0.685547 0.175781 0.066406
1 0.873047 0.748047 0.183594 0.082031
