0 0.107422 0.343750 0.128906 0.062500
0 0.707031 0.455078 0.101562 0.066406
0 0.759766 0.445312 0.074219 0.101562
0 0.671875 0.560547 0.109375 0.050781
0 0.744141 0.554688 0.105469 0.054688
1 0.066406 0.031250 0.125000 0.054688
1 0.193359 0.136719 0.128906 0.093750
1 0.664062 0.044922 0.140625 0.074219
1 0.128906 0.271484 0.164062 0.074219
1 0.787109 0.437500 0.097656 0.148438
1 0.767578 0.589844 0.144531 0.070312
1 0.390625 0.746094 0.164062 0.054688
1 0.396484 0.773438 0.175781 0.054688
1 0.552734 0.789062 0.183594 0.101562
