0 0.542969 0.191406 0.101562 0.054688
0 0.505859 0.214844 0.089844 0.054688
0 0.531250 0.308594 0.109375 0.070312
0 0.605469 0.277344 0.109375 0.054688
0 0.281250 0.541016 0.125000 0.058594
0 0.335938 0.638672 0.132812 0.074219
0 0.189453 0.900391 0.136719 0.066406
0 0.548828 0.775391 0.082031 0.121094
0 0.591797 0.755859 0.082031 0.121094
0 0.929688 0.664062 0.140625 0.070312
0 0.662109 0.945312 0.082031 0.109375
0 0.935547 0.890625 0.097656 0.085938
1 0.679688 0.255859 0.187500 0.066406
1 0.869141 0.433594 0.105469 0.164062
1 0.330078 0.607422 0.144531 0.082031
1 0.445312 0.625000 0.132812 0.085938
1 0.216797 0.917969 0.160156 0.085938
1 0.941406 0.634766 0.117188 0.066406
