0 0.123047 0.083984 0.097656 0.097656
0 0.300781 0.453125 0.101562 0.085938
0 0.515625 0.494141 0.093750 0.066406
0 0.572266 0.458984 0.082031 0.074219
0 0.646484 0.550781 0.105469 0.070312
0 0.917969 0.570312 0.132812 0.093750
0 0.046875 0.875000 0.078125 0.125000
0 0.160156 0.812500 0.085938 0.062500
0 0.222656 0.800781 0.085938 0.078125
0 0.240234 0.882812 0.113281 0.085938
0 0.445312 0.781250 0.101562 0.078125
0 0.646484 0.882812 0.113281 0.070312
0 0.851562 0.923828 0.109375 0.066406
1 0.035156 0.863281 0.054688 0.156250
