0 0.880859 0.105469 0.121094 0.109375
0 0.171875 0.386719 0.085938 0.078125
0 0.326172 0.388672 0.105469 0.074219
0 0.376953 0.761719 0.121094 0.085938
0 0.708984 0.474609 0.097656 0.097656
0 0.824219 0.599609 0.062500 0.074219
0 0.867188 0.599609 0.093750 0.066406
0 0.855469 0.636719 0.085938 0.062500
1 0.687500 0.103516 0.125000 0.097656
1 0.242188 0.267578 0.125000 0.105469
1 0.443359 0.343750 0.136719 0.070312
1 0.107422 0.457031 0.113281 0.093750
1 0.228516 0.794922 0.121094 0.113281
1 0.667969 0.427734 0.132812 0.082031
1 0.755859 0.529297 0.136719 0.082031
1 0.773438 0.929688 0.117188 0.085938
1 0.892578 0.960938 0.136719 0.062500
