0 0.458984 0.074219 0.152344 0.062500
0 0.193359 0.347656 0.097656 0.109375
0 0.621094 0.419922 0.101562 0.058594
0 0.683594 0.402344 0.101562 0.062500
0 0.759766 0.533203 0.097656 0.082031
0 0.792969 0.541016 0.101562 0.089844
0 0.119141 0.968750 0.113281 0.062500
0 0.189453 0.974609 0.121094 0.050781
0 0.306641 0.955078 0.144531 0.089844
1 0.867188 0.039062 0.218750 0.070312
1 0.484375 0.099609 0.156250 0.066406
1 0.062500 0.205078 0.117188 0.097656
1 0.224609 0.351562 0.113281 0.125000
1 0.152344 0.509766 0.164062 0.074219
1 0.486328 0.523438 0.191406 0.062500
1 0.052734 0.632812 0.097656 0.125000
1 0.925781 0.751953 0.148438 0.082031
