0 0.167969 0.091797 0.132812 0.089844
0 0.128906 0.203125 0.117188 0.085938
0 0.039062 0.392578 0.070312 0.097656
0 0.289062 0.277344 0.101562 0.078125
0 0.308594 0.324219 0.101562 0.093750
0 0.070312 0.945312 0.109375 0.062500
0 0.189453 0.871094 0.105469 0.078125
0 0.775391 0.341797 0.113281 0.066406
0 0.855469 0.359375 0.117188 0.062500
0 0.908203 0.404297 0.128906 0.082031
0 0.703125 0.609375 0.125000 0.078125
1 0.279297 0.482422 0.121094 0.121094
1 0.373047 0.728516 0.113281 0.121094
1 0.929688 0.494141 0.140625 0.074219
