0 0.070312 0.083984 0.125000 0.105469
0 0.324219 0.193359 0.132812 0.097656
0 0.613281 0.244141 0.132812 0.074219
0 0.626953 0.279297 0.136719 0.066406
0 0.292969 0.363281 0.109375 0.062500
0 0.531250 0.480469 0.109375 0.062500
0 0.503906 0.513672 0.117188 0.058594
0 0.234375 0.841797 0.078125 0.113281
0 0.269531 0.839844 0.093750 0.117188
0 0.767578 0.929688 0.121094 0.093750
1 0.076172 0.048828 0.128906 0.089844
1 0.353516 0.195312 0.136719 0.109375
1 0.273438 0.326172 0.132812 0.058594
1 0.671875 0.474609 0.179688 0.066406
1 0.566406 0.591797 0.171875 0.074219
1 0.527344 0.738281 0.140625 0.132812
1 0.732422 0.921875 0.128906 0.093750
