0 0.119141 0.035156 0.136719 0.062500
0 0.533203 0.181641 0.121094 0.074219
0 0.763672 0.148438 0.113281 0.078125
0 0.806641 0.152344 0.097656 0.070312
0 0.451172 0.466797 0.121094 0.050781
0 0.416016 0.501953 0.097656 0.066406
0 0.677734 0.507812 0.121094 0.093750
0 0.937500 0.851562 0.093750 0.078125
1 0.333984 0.080078 0.144531 0.074219
1 0.742188 0.082031 0.148438 0.085938
1 0.074219 0.386719 0.140625 0.093750
1 0.332031 0.412109 0.125000 0.074219
1 0.861328 0.871094 0.128906 0.093750
1 0.929688 0.876953 0.109375 0.089844
2 0.931641 0.099609 0.121094 0.191406
