0 0.160156 0.371094 0.109375 0.078125
0 0.212891 0.363281 0.113281 0.070312
0 0.148438 0.585938 0.078125 0.085938
0 0.158203 0.552734 0.082031 0.089844
0 0.474609 0.087891 0.144531 0.089844
0 0.505859 0.101562 0.144531 0.085938
0 0.824219 0.291016 0.117188 0.082031
0 0.775391 0.306641 0.144531 0.066406
0 0.935547 0.535156 0.105469 0.085938
0 0.128906 0.925781 0.109375 0.062500
0 0.179688 0.908203 0.117188 0.066406
0 0.597656 0.818359 0.125000 0.074219
0 0.642578 0.806641 0.121094 0.066406
1 0.636719 0.330078 0.203125 0.066406
1 0.386719 0.974609 0.171875 0.050781
1 0.402344 0.953125 0.179688 0.078125
2 0.128906 0.232422 0.250000 0.121094
2 0.667969 0.927734 0.250000 0.136719
