0 0.880859 0.130859 0.113281 0.089844
0 0.152344 0.113281 0.093750 0.078125
0 0.205078 0.277344 0.074219 0.101562
0 0.250000 0.410156 0.117188 0.085938
0 0.390625 0.431641 0.117188 0.074219
0 0.406250 0.533203 0.109375 0.089844
0 0.205078 0.664062 0.113281 0.078125
0 0.263672 0.787109 0.113281 0.066406
0 0.505859 0.857422 0.121094 0.082031
1 0.140625 0.089844 0.109375 0.085938
1 0.185547 0.261719 0.089844 0.125000
1 0.076172 0.570312 0.128906 0.093750
1 0.595703 0.312500 0.136719 0.078125
1 0.869141 0.617188 0.128906 0.078125
1 0.494141 0.832031 0.113281 0.085938
1 0.376953 0.964844 0.175781 0.070312
