0 0.263672 0.107422 0.105469 0.066406
0 0.312500 0.134766 0.109375 0.058594
0 0.789062 0.328125 0.109375 0.093750
0 0.800781 0.359375 0.109375 0.085938
0 0.144531 0.488281 0.085938 0.085938
0 0.095703 0.548828 0.097656 0.074219
0 0.173828 0.953125 0.136719 0.054688
1 0.404297 0.095703 0.082031 0.136719
1 0.435547 0.058594 0.082031 0.109375
1 0.451172 0.072266 0.066406 0.136719
1 0.523438 0.558594 0.109375 0.156250
1 0.542969 0.535156 0.109375 0.140625
1 0.582031 0.603516 0.085938 0.152344
2 0.095703 0.794922 0.183594 0.269531
2 0.683594 0.199219 0.312500 0.226562
