0 0.093750 0.203125 0.125000 0.085938
0 0.371094 0.292969 0.109375 0.093750
0 0.222656 0.513672 0.109375 0.121094
0 0.558594 0.548828 0.125000 0.074219
0 0.685547 0.099609 0.066406 0.105469
0 0.787109 0.253906 0.121094 0.078125
0 0.304688 0.906250 0.109375 0.085938
0 0.691406 0.648438 0.140625 0.070312
1 0.558594 0.044922 0.179688 0.066406
1 0.650391 0.138672 0.074219 0.183594
1 0.914062 0.542969 0.148438 0.085938
1 0.380859 0.935547 0.121094 0.089844
1 0.390625 0.951172 0.125000 0.082031
2 0.783203 0.890625 0.285156 0.164062
