0 0.689453 0.042969 0.152344 0.078125
0 0.802734 0.023438 0.113281 0.039062
0 0.878906 0.031250 0.125000 0.054688
0 0.197266 0.453125 0.097656 0.085938
0 0.232422 0.458984 0.097656 0.082031
0 0.375000 0.576172 0.101562 0.058594
0 0.310547 0.591797 0.097656 0.058594
0 0.794922 0.644531 0.105469 0.109375
0 0.537109 0.917969 0.152344 0.054688
1 0.074219 0.238281 0.140625 0.093750
1 0.505859 0.470703 0.191406 0.066406
1 0.843750 0.488281 0.179688 0.078125
1 0.947266 0.369141 0.105469 0.121094
1 0.763672 0.642578 0.113281 0.128906
1 0.937500 0.792969 0.125000 0.101562
1 0.126953 0.960938 0.214844 0.078125
1 0.509766 0.890625 0.160156 0.062500
