0 0.617188 0.232422 0.125000 0.105469
0 0.664062 0.603516 0.101562 0.097656
0 0.822266 0.609375 0.097656 0.085938
0 0.113281 0.890625 0.117188 0.117188
0 0.138672 0.353516 0.105469 0.058594
0 0.130859 0.396484 0.105469 0.066406
0 0.173828 0.394531 0.074219 0.078125
0 0.281250 0.519531 0.101562 0.093750
1 0.101562 0.035156 0.132812 0.062500
1 0.218750 0.062500 0.132812 0.085938
1 0.769531 0.203125 0.132812 0.117188
1 0.888672 0.533203 0.121094 0.097656
1 0.242188 0.468750 0.140625 0.085938
1 0.332031 0.570312 0.132812 0.085938
1 0.550781 0.652344 0.148438 0.078125
1 0.750000 0.728516 0.132812 0.113281
1 0.306641 0.892578 0.128906 0.097656
