0 0.078125 0.201172 0.101562 0.074219
0 0.177734 0.335938 0.082031 0.085938
0 0.234375 0.322266 0.093750 0.058594
0 0.232422 0.359375 0.089844 0.085938
0 0.363281 0.261719 0.078125 0.125000
0 0.951172 0.343750 0.066406 0.109375
0 0.382812 0.548828 0.109375 0.066406
0 0.123047 0.669922 0.089844 0.089844
0 0.419922 0.892578 0.105469 0.066406
0 0.583984 0.816406 0.113281 0.062500
0 0.730469 0.703125 0.117188 0.070312
0 0.925781 0.826172 0.125000 0.074219
1 0.468750 0.367188 0.109375 0.125000
1 0.087891 0.679688 0.128906 0.125000
1 0.375000 0.878906 0.148438 0.078125
1 0.837891 0.625000 0.121094 0.093750
