0 0.435547 0.300781 0.121094 0.078125
0 0.449219 0.343750 0.117188 0.078125
0 0.951172 0.248047 0.097656 0.097656
0 0.822266 0.570312 0.121094 0.054688
0 0.804688 0.607422 0.125000 0.050781
0 0.679688 0.664062 0.109375 0.070312
0 0.757812 0.664062 0.117188 0.070312
0 0.941406 0.773438 0.117188 0.054688
0 0.888672 0.796875 0.121094 0.054688
0 0.601562 0.769531 0.101562 0.062500
0 0.535156 0.777344 0.101562 0.062500
0 0.394531 0.830078 0.156250 0.082031
0 0.750000 0.925781 0.109375 0.070312
0 0.763672 0.966797 0.105469 0.066406
1 0.917969 0.285156 0.093750 0.171875
1 0.353516 0.511719 0.167969 0.070312
1 0.111328 0.634766 0.144531 0.121094
1 0.097656 0.656250 0.187500 0.171875
1 0.310547 0.841797 0.144531 0.097656
1 0.380859 0.859375 0.191406 0.085938
2 0.203125 0.242188 0.390625 0.273438
