0 0.169922 0.044922 0.128906 0.050781
0 0.625000 0.169922 0.125000 0.058594
0 0.583984 0.208984 0.136719 0.066406
0 0.753906 0.179688 0.117188 0.070312
0 0.511719 0.603516 0.125000 0.082031
0 0.554688 0.617188 0.132812 0.070312
0 0.863281 0.480469 0.125000 0.054688
0 0.871094 0.513672 0.117188 0.050781
0 0.722656 0.712891 0.132812 0.066406
0 0.087891 0.835938 0.136719 0.070312
0 0.078125 0.871094 0.132812 0.070312
0 0.291016 0.837891 0.128906 0.058594
0 0.275391 0.873047 0.121094 0.050781
0 0.433594 0.958984 0.109375 0.066406
0 0.478516 0.947266 0.105469 0.066406
0 0.632812 0.933594 0.109375 0.132812
1 0.158203 0.023438 0.230469 0.039062
1 0.625000 0.566406 0.171875 0.070312
1 0.818359 0.566406 0.136719 0.093750
1 0.728516 0.677734 0.136719 0.066406
1 0.746094 0.146484 0.140625 0.074219
2 0.210938 0.431641 0.382812 0.316406
