0 0.212891 0.382812 0.105469 0.062500
0 0.238281 0.406250 0.101562 0.062500
0 0.464844 0.476562 0.109375 0.078125
0 0.498047 0.460938 0.113281 0.078125
0 0.734375 0.304688 0.125000 0.054688
0 0.767578 0.328125 0.121094 0.054688
0 0.894531 0.505859 0.132812 0.089844
0 0.931641 0.494141 0.113281 0.082031
0 0.101562 0.943359 0.109375 0.058594
0 0.164062 0.917969 0.117188 0.054688
1 0.210938 0.460938 0.125000 0.109375
1 0.296875 0.558594 0.164062 0.101562
1 0.480469 0.552734 0.148438 0.089844
1 0.736328 0.529297 0.160156 0.082031
2 0.117188 0.279297 0.226562 0.457031
2 0.634766 0.875000 0.246094 0.250000
