0 0.537109 0.072266 0.105469 0.089844
0 0.539062 0.113281 0.093750 0.085938
0 0.052734 0.421875 0.097656 0.070312
0 0.093750 0.685547 0.132812 0.089844
0 0.453125 0.716797 0.101562 0.066406
0 0.496094 0.695312 0.125000 0.070312
0 0.318359 0.460938 0.113281 0.054688
0 0.351562 0.503906 0.109375 0.062500
0 0.511719 0.539062 0.117188 0.085938
1 0.742188 0.109375 0.109375 0.171875
1 0.648438 0.302734 0.125000 0.113281
1 0.066406 0.380859 0.125000 0.066406
1 0.070312 0.662109 0.132812 0.082031
2 0.794922 0.763672 0.214844 0.292969
