0 0.142578 0.576172 0.082031 0.105469
1 0.484375 0.078125 0.195312 0.101562
1 0.503906 0.095703 0.187500 0.097656
1 0.199219 0.353516 0.148438 0.074219
1 0.175781 0.367188 0.140625 0.078125
1 0.160156 0.556641 0.093750 0.113281
1 0.167969 0.900391 0.148438 0.066406
1 0.144531 0.923828 0.132812 0.058594
1 0.408203 0.972656 0.191406 0.054688
1 0.396484 0.953125 0.246094 0.093750
1 0.941406 0.542969 0.117188 0.101562
1 0.943359 0.576172 0.113281 0.113281
2 0.136719 0.228516 0.265625 0.144531
2 0.714844 0.300781 0.367188 0.132812
2 0.662109 0.869141 0.277344 0.238281
