0 0.166016 0.833984 0.167969 0.050781
0 0.876953 0.666016 0.113281 0.058594
0 0.888672 0.701172 0.113281 0.058594
0 0.662109 0.957031 0.121094 0.054688
0 0.595703 0.972656 0.128906 0.054688
0 0.302734 0.927734 0.058594 0.144531
1 0.064453 0.263672 0.121094 0.097656
1 0.150391 0.363281 0.175781 0.054688
1 0.136719 0.394531 0.187500 0.046875
1 0.572266 0.431641 0.175781 0.066406
1 0.601562 0.457031 0.257812 0.085938
1 0.177734 0.804688 0.183594 0.054688
1 0.488281 0.873047 0.164062 0.082031
1 0.462891 0.890625 0.167969 0.085938
