0 0.263672 0.376953 0.089844 0.082031
0 0.330078 0.371094 0.089844 0.070312
0 0.623047 0.232422 0.121094 0.066406
0 0.611328 0.273438 0.105469 0.078125
0 0.722656 0.476562 0.117188 0.070312
0 0.693359 0.519531 0.105469 0.078125
0 0.695312 0.703125 0.125000 0.093750
0 0.796875 0.890625 0.109375 0.085938
0 0.855469 0.906250 0.101562 0.101562
1 0.798828 0.115234 0.144531 0.089844
1 0.927734 0.044922 0.144531 0.066406
1 0.957031 0.611328 0.085938 0.128906
1 0.701172 0.671875 0.152344 0.117188
1 0.867188 0.783203 0.171875 0.089844
2 0.142578 0.572266 0.277344 0.246094
