0 0.277344 0.359375 0.109375 0.093750
0 0.316406 0.367188 0.117188 0.085938
0 0.708984 0.478516 0.144531 0.089844
0 0.972656 0.574219 0.054688 0.093750
0 0.847656 0.884766 0.140625 0.113281
0 0.884766 0.035156 0.136719 0.062500
1 0.781250 0.111328 0.187500 0.105469
1 0.603516 0.234375 0.160156 0.093750
1 0.617188 0.265625 0.140625 0.093750
1 0.703125 0.505859 0.140625 0.097656
1 0.953125 0.615234 0.093750 0.167969
1 0.816406 0.894531 0.148438 0.109375
2 0.148438 0.564453 0.289062 0.246094
2 0.769531 0.714844 0.351562 0.242188
