0 0.458984 0.097656 0.113281 0.078125
0 0.519531 0.099609 0.117188 0.074219
0 0.066406 0.228516 0.093750 0.082031
0 0.138672 0.218750 0.113281 0.046875
0 0.837891 0.300781 0.097656 0.078125
0 0.761719 0.300781 0.117188 0.054688
0 0.406250 0.962891 0.140625 0.066406
1 0.625000 0.333984 0.156250 0.066406
1 0.189453 0.373047 0.160156 0.066406
1 0.154297 0.574219 0.074219 0.148438
1 0.158203 0.921875 0.167969 0.070312
1 0.621094 0.814453 0.179688 0.066406
1 0.947266 0.568359 0.105469 0.136719
1 0.679688 0.923828 0.195312 0.105469
1 0.664062 0.943359 0.156250 0.082031
1 0.156250 0.246094 0.140625 0.070312
