0 0.175781 0.041016 0.101562 0.050781
0 0.734375 0.142578 0.109375 0.066406
0 0.765625 0.183594 0.109375 0.062500
0 0.857422 0.484375 0.097656 0.062500
0 0.878906 0.517578 0.093750 0.058594
0 0.804688 0.572266 0.109375 0.097656
0 0.746094 0.673828 0.109375 0.066406
0 0.716797 0.718750 0.113281 0.062500
0 0.634766 0.939453 0.089844 0.121094
0 0.107422 0.832031 0.105469 0.070312
0 0.064453 0.880859 0.105469 0.066406
0 0.306641 0.835938 0.105469 0.070312
0 0.273438 0.876953 0.101562 0.058594
0 0.501953 0.613281 0.105469 0.078125
0 0.562500 0.611328 0.101562 0.074219
1 0.179688 0.021484 0.179688 0.035156
1 0.599609 0.195312 0.175781 0.109375
1 0.640625 0.570312 0.125000 0.085938
1 0.457031 0.953125 0.156250 0.078125
2 0.220703 0.435547 0.339844 0.300781
