0 0.841797 0.070312 0.113281 0.054688
0 0.882812 0.099609 0.109375 0.058594
0 0.595703 0.259766 0.136719 0.050781
0 0.570312 0.287109 0.148438 0.050781
0 0.892578 0.384766 0.128906 0.050781
0 0.841797 0.589844 0.128906 0.062500
0 0.408203 0.476562 0.113281 0.054688
0 0.380859 0.513672 0.113281 0.058594
0 0.080078 0.531250 0.121094 0.101562
0 0.046875 0.535156 0.085938 0.109375
0 0.146484 0.621094 0.105469 0.062500
0 0.218750 0.623047 0.101562 0.074219
0 0.556641 0.939453 0.144531 0.050781
0 0.525391 0.970703 0.136719 0.058594
1 0.248047 0.751953 0.175781 0.066406
1 0.349609 0.916016 0.167969 0.105469
1 0.380859 0.933594 0.175781 0.093750
2 0.484375 0.796875 0.226562 0.164062
2 0.128906 0.074219 0.187500 0.140625
2 0.277344 0.283203 0.351562 0.300781
