0 0.052734 0.101562 0.089844 0.085938
0 0.326172 0.050781 0.082031 0.093750
0 0.800781 0.089844 0.140625 0.062500
0 0.396484 0.232422 0.082031 0.121094
0 0.437500 0.216797 0.078125 0.121094
0 0.066406 0.330078 0.125000 0.066406
0 0.714844 0.453125 0.125000 0.062500
0 0.390625 0.714844 0.109375 0.062500
0 0.462891 0.683594 0.113281 0.070312
0 0.486328 0.779297 0.089844 0.050781
0 0.449219 0.798828 0.093750 0.050781
0 0.652344 0.353516 0.132812 0.074219
1 0.056641 0.351562 0.105469 0.062500
1 0.130859 0.562500 0.105469 0.164062
1 0.314453 0.732422 0.183594 0.058594
1 0.552734 0.369141 0.121094 0.089844
1 0.660156 0.380859 0.140625 0.082031
1 0.773438 0.070312 0.156250 0.070312
