0 0.103516 0.160156 0.074219 0.117188
0 0.152344 0.115234 0.101562 0.105469
0 0.148438 0.173828 0.070312 0.105469
0 0.068359 0.408203 0.066406 0.089844
0 0.199219 0.476562 0.093750 0.109375
0 0.302734 0.570312 0.121094 0.093750
0 0.132812 0.941406 0.140625 0.078125
0 0.488281 0.566406 0.125000 0.085938
0 0.740234 0.541016 0.121094 0.074219
0 0.599609 0.824219 0.105469 0.054688
0 0.652344 0.833984 0.070312 0.105469
0 0.679688 0.955078 0.101562 0.058594
0 0.626953 0.974609 0.105469 0.050781
1 0.097656 0.308594 0.093750 0.148438
1 0.048828 0.423828 0.089844 0.136719
1 0.232422 0.402344 0.136719 0.070312
1 0.486328 0.478516 0.167969 0.074219
1 0.755859 0.328125 0.167969 0.078125
1 0.910156 0.505859 0.164062 0.082031
1 0.669922 0.851562 0.089844 0.117188
