0 0.662109 0.273438 0.136719 0.078125
0 0.648438 0.304688 0.132812 0.078125
0 0.339844 0.494141 0.187500 0.089844
0 0.505859 0.529297 0.183594 0.097656
1 0.537109 0.072266 0.175781 0.136719
1 0.517578 0.083984 0.152344 0.121094
1 0.746094 0.070312 0.101562 0.132812
1 0.728516 0.095703 0.113281 0.152344
1 0.466797 0.685547 0.214844 0.082031
1 0.458984 0.714844 0.183594 0.070312
1 0.341797 0.458984 0.199219 0.089844
2 0.089844 0.398438 0.171875 0.164062
2 0.103516 0.630859 0.199219 0.222656
2 0.792969 0.740234 0.250000 0.316406
