0 0.685547 0.042969 0.128906 0.078125
0 0.185547 0.462891 0.082031 0.089844
0 0.238281 0.457031 0.085938 0.070312
0 0.847656 0.492188 0.140625 0.070312
0 0.746094 0.662109 0.093750 0.105469
0 0.804688 0.642578 0.085938 0.089844
0 0.935547 0.796875 0.113281 0.101562
0 0.488281 0.900391 0.117188 0.066406
0 0.548828 0.917969 0.113281 0.062500
1 0.847656 0.031250 0.156250 0.054688
1 0.062500 0.244141 0.117188 0.089844
1 0.500000 0.478516 0.148438 0.066406
1 0.341797 0.589844 0.144531 0.078125
1 0.121094 0.966797 0.156250 0.066406
