0 0.244141 0.044922 0.082031 0.082031
0 0.123047 0.189453 0.074219 0.105469
0 0.166016 0.142578 0.089844 0.089844
0 0.160156 0.205078 0.062500 0.089844
0 0.085938 0.439453 0.062500 0.082031
0 0.212891 0.507812 0.097656 0.093750
0 0.318359 0.597656 0.113281 0.093750
0 0.500000 0.595703 0.109375 0.082031
0 0.757812 0.566406 0.117188 0.078125
0 0.146484 0.966797 0.121094 0.066406
0 0.681641 0.884766 0.082031 0.105469
1 0.117188 0.330078 0.093750 0.128906
1 0.060547 0.455078 0.082031 0.113281
1 0.248047 0.429688 0.121094 0.078125
1 0.498047 0.503906 0.144531 0.078125
1 0.765625 0.351562 0.164062 0.078125
1 0.925781 0.533203 0.148438 0.074219
1 0.638672 0.845703 0.167969 0.082031
