0 0.832031 0.212891 0.078125 0.097656
0 0.908203 0.162109 0.113281 0.074219
0 0.363281 0.847656 0.101562 0.117188
0 0.425781 0.820312 0.101562 0.101562
0 0.927734 0.798828 0.113281 0.066406
0 0.929688 0.837891 0.125000 0.074219
1 0.283203 0.771484 0.152344 0.105469
1 0.314453 0.785156 0.152344 0.101562
1 0.494141 0.707031 0.144531 0.132812
1 0.412109 0.859375 0.199219 0.148438
1 0.892578 0.207031 0.144531 0.117188
2 0.476562 0.373047 0.390625 0.332031
2 0.886719 0.058594 0.226562 0.109375
2 0.681641 0.789062 0.316406 0.187500
