0 0.218750 0.060547 0.125000 0.089844
0 0.722656 0.146484 0.093750 0.113281
0 0.753906 0.146484 0.085938 0.097656
0 0.492188 0.478516 0.117188 0.058594
0 0.466797 0.511719 0.121094 0.054688
0 0.369141 0.710938 0.136719 0.070312
0 0.384766 0.750000 0.136719 0.070312
0 0.666016 0.800781 0.128906 0.093750
0 0.701172 0.628906 0.113281 0.054688
0 0.917969 0.906250 0.125000 0.101562
1 0.253906 0.068359 0.125000 0.089844
1 0.468750 0.253906 0.140625 0.125000
1 0.429688 0.404297 0.187500 0.074219
1 0.324219 0.517578 0.187500 0.066406
1 0.634766 0.792969 0.128906 0.109375
1 0.912109 0.941406 0.128906 0.085938
1 0.720703 0.664062 0.136719 0.054688
