0 0.142578 0.072266 0.113281 0.074219
0 0.351562 0.115234 0.109375 0.082031
0 0.552734 0.212891 0.097656 0.074219
0 0.753906 0.117188 0.125000 0.085938
0 0.767578 0.193359 0.089844 0.074219
0 0.832031 0.181641 0.085938 0.058594
0 0.939453 0.117188 0.074219 0.125000
0 0.076172 0.423828 0.128906 0.089844
0 0.345703 0.441406 0.105469 0.078125
0 0.419922 0.535156 0.089844 0.070312
0 0.482422 0.501953 0.097656 0.058594
0 0.693359 0.542969 0.105469 0.085938
0 0.867188 0.914062 0.101562 0.085938
1 0.960938 0.134766 0.054688 0.136719
