0 0.923828 0.068359 0.113281 0.066406
0 0.882812 0.232422 0.093750 0.089844
0 0.912109 0.240234 0.097656 0.082031
0 0.605469 0.304688 0.117188 0.085938
0 0.408203 0.464844 0.089844 0.093750
0 0.515625 0.736328 0.101562 0.105469
0 0.599609 0.861328 0.097656 0.105469
0 0.406250 0.882812 0.117188 0.101562
1 0.906250 0.097656 0.164062 0.062500
1 0.470703 0.355469 0.136719 0.078125
1 0.388672 0.406250 0.144531 0.054688
1 0.523438 0.529297 0.132812 0.066406
1 0.314453 0.822266 0.167969 0.082031
1 0.435547 0.894531 0.113281 0.093750
1 0.947266 0.863281 0.105469 0.109375
2 0.751953 0.812500 0.144531 0.156250
