0 0.062500 0.093750 0.085938 0.078125
0 0.761719 0.080078 0.125000 0.074219
0 0.804688 0.089844 0.109375 0.062500
0 0.080078 0.335938 0.105469 0.070312
0 0.125000 0.560547 0.085938 0.128906
0 0.298828 0.730469 0.136719 0.062500
0 0.554688 0.367188 0.109375 0.085938
0 0.640625 0.392578 0.109375 0.058594
0 0.662109 0.355469 0.113281 0.062500
0 0.703125 0.453125 0.101562 0.054688
1 0.345703 0.046875 0.113281 0.085938
1 0.417969 0.228516 0.140625 0.144531
1 0.439453 0.695312 0.144531 0.101562
1 0.470703 0.796875 0.121094 0.078125
