0 0.744141 0.244141 0.097656 0.058594
0 0.810547 0.246094 0.097656 0.070312
0 0.552734 0.541016 0.152344 0.074219
0 0.642578 0.646484 0.105469 0.058594
0 0.712891 0.632812 0.105469 0.062500
0 0.900391 0.527344 0.113281 0.085938
0 0.939453 0.531250 0.089844 0.078125
1 0.091797 0.191406 0.160156 0.093750
1 0.367188 0.281250 0.132812 0.085938
1 0.222656 0.505859 0.156250 0.152344
1 0.042969 0.925781 0.078125 0.117188
2 0.365234 0.916016 0.253906 0.144531
2 0.777344 0.875000 0.328125 0.195312
2 0.587891 0.125000 0.269531 0.242188
