0 0.457031 0.115234 0.101562 0.066406
0 0.529297 0.101562 0.097656 0.070312
0 0.146484 0.226562 0.097656 0.046875
0 0.191406 0.378906 0.148438 0.070312
0 0.412109 0.966797 0.121094 0.066406
0 0.630859 0.824219 0.144531 0.070312
0 0.953125 0.570312 0.093750 0.117188
1 0.123047 0.246094 0.183594 0.070312
1 0.156250 0.583984 0.078125 0.128906
1 0.162109 0.925781 0.136719 0.070312
1 0.669922 0.951172 0.144531 0.074219
1 0.683594 0.931641 0.171875 0.089844
1 0.625000 0.343750 0.140625 0.070312
1 0.804688 0.308594 0.164062 0.070312
