0 0.380859 0.595703 0.121094 0.066406
0 0.433594 0.605469 0.125000 0.078125
0 0.150391 0.898438 0.152344 0.054688
0 0.791016 0.718750 0.089844 0.093750
0 0.800781 0.773438 0.093750 0.085938
1 0.271484 0.089844 0.144531 0.078125
1 0.253906 0.111328 0.140625 0.082031
1 0.367188 0.214844 0.156250 0.054688
1 0.347656 0.250000 0.164062 0.054688
1 0.076172 0.390625 0.144531 0.117188
1 0.183594 0.667969 0.179688 0.054688
1 0.156250 0.701172 0.164062 0.058594
1 0.134766 0.861328 0.175781 0.050781
2 0.595703 0.460938 0.222656 0.187500
