0 0.066406 0.177734 0.109375 0.074219
0 0.156250 0.175781 0.070312 0.117188
0 0.228516 0.294922 0.105469 0.058594
0 0.220703 0.335938 0.105469 0.093750
0 0.349609 0.232422 0.074219 0.144531
0 0.935547 0.312500 0.074219 0.117188
0 0.363281 0.519531 0.117188 0.070312
0 0.109375 0.640625 0.101562 0.093750
0 0.398438 0.869141 0.125000 0.074219
0 0.570312 0.787109 0.125000 0.074219
0 0.718750 0.675781 0.132812 0.070312
0 0.761719 0.949219 0.109375 0.101562
1 0.160156 0.304688 0.093750 0.101562
1 0.451172 0.339844 0.121094 0.132812
1 0.076172 0.652344 0.144531 0.132812
1 0.357422 0.849609 0.167969 0.082031
1 0.916016 0.798828 0.144531 0.074219
1 0.822266 0.599609 0.136719 0.105469
1 0.951172 0.281250 0.097656 0.125000
