0 0.923828 0.042969 0.128906 0.062500
0 0.802734 0.113281 0.113281 0.070312
0 0.591797 0.285156 0.089844 0.070312
0 0.634766 0.232422 0.082031 0.074219
0 0.128906 0.626953 0.125000 0.058594
0 0.212891 0.648438 0.121094 0.062500
0 0.957031 0.605469 0.070312 0.109375
0 0.695312 0.666016 0.125000 0.097656
0 0.701172 0.710938 0.113281 0.078125
0 0.865234 0.783203 0.136719 0.082031
1 0.291016 0.380859 0.136719 0.082031
1 0.074219 0.500000 0.140625 0.078125
1 0.093750 0.583984 0.148438 0.082031
1 0.710938 0.503906 0.148438 0.125000
1 0.818359 0.896484 0.160156 0.105469
