0 0.142578 0.083984 0.105469 0.089844
0 0.193359 0.250000 0.082031 0.109375
0 0.236328 0.380859 0.121094 0.089844
0 0.378906 0.410156 0.109375 0.070312
0 0.392578 0.505859 0.113281 0.089844
0 0.187500 0.638672 0.125000 0.074219
0 0.250000 0.759766 0.125000 0.066406
0 0.830078 0.599609 0.089844 0.050781
0 0.486328 0.826172 0.121094 0.082031
0 0.326172 0.941406 0.105469 0.070312
0 0.408203 0.937500 0.097656 0.078125
1 0.125000 0.066406 0.117188 0.101562
1 0.169922 0.236328 0.097656 0.152344
1 0.068359 0.544922 0.128906 0.097656
1 0.582031 0.291016 0.164062 0.082031
1 0.869141 0.097656 0.121094 0.101562
1 0.482422 0.802734 0.136719 0.089844
1 0.542969 0.960938 0.156250 0.078125
