0 0.128906 0.046875 0.117188 0.062500
0 0.337891 0.087891 0.113281 0.082031
0 0.541016 0.187500 0.113281 0.070312
0 0.742188 0.091797 0.125000 0.089844
0 0.759766 0.156250 0.097656 0.085938
0 0.814453 0.156250 0.089844 0.054688
0 0.066406 0.396484 0.125000 0.082031
0 0.332031 0.417969 0.109375 0.078125
0 0.462891 0.472656 0.105469 0.054688
0 0.412109 0.505859 0.097656 0.058594
0 0.677734 0.515625 0.105469 0.093750
0 0.853516 0.884766 0.113281 0.089844
0 0.941406 0.861328 0.085938 0.074219
1 0.923828 0.091797 0.082031 0.144531
1 0.947266 0.105469 0.074219 0.148438
