0 0.537109 0.074219 0.089844 0.085938
0 0.550781 0.121094 0.093750 0.078125
0 0.644531 0.021484 0.132812 0.035156
0 0.654297 0.312500 0.113281 0.109375
0 0.072266 0.394531 0.121094 0.054688
0 0.314453 0.468750 0.105469 0.062500
0 0.367188 0.513672 0.101562 0.066406
0 0.517578 0.548828 0.113281 0.082031
0 0.101562 0.691406 0.117188 0.085938
0 0.443359 0.716797 0.097656 0.058594
0 0.507812 0.701172 0.101562 0.066406
1 0.746094 0.117188 0.093750 0.156250
1 0.050781 0.431641 0.093750 0.066406
1 0.068359 0.675781 0.128906 0.062500
2 0.802734 0.769531 0.214844 0.289062
