0 0.251953 0.291016 0.113281 0.167969
0 0.132812 0.457031 0.140625 0.054688
0 0.150391 0.492188 0.144531 0.054688
0 0.050781 0.531250 0.093750 0.062500
0 0.312500 0.593750 0.125000 0.054688
0 0.398438 0.615234 0.101562 0.058594
0 0.292969 0.875000 0.085938 0.117188
0 0.330078 0.875000 0.082031 0.101562
0 0.703125 0.675781 0.132812 0.070312
0 0.671875 0.722656 0.140625 0.062500
0 0.802734 0.769531 0.144531 0.046875
0 0.785156 0.802734 0.140625 0.050781
0 0.962891 0.281250 0.074219 0.125000
0 0.957031 0.324219 0.085938 0.117188
1 0.808594 0.236328 0.203125 0.082031
1 0.904297 0.150391 0.160156 0.175781
1 0.332031 0.636719 0.164062 0.078125
