0 0.324219 0.535156 0.164062 0.054688
0 0.291016 0.574219 0.136719 0.062500
0 0.144531 0.906250 0.171875 0.054688
0 0.708984 0.507812 0.128906 0.062500
0 0.759766 0.531250 0.144531 0.070312
1 0.751953 0.292969 0.191406 0.054688
1 0.761719 0.328125 0.195312 0.062500
1 0.914062 0.480469 0.171875 0.093750
1 0.898438 0.500000 0.203125 0.109375
1 0.125000 0.941406 0.164062 0.062500
2 0.218750 0.421875 0.179688 0.179688
2 0.494141 0.500000 0.199219 0.203125
2 0.150391 0.251953 0.292969 0.496094
2 0.638672 0.867188 0.261719 0.265625
