0 0.906250 0.044922 0.125000 0.066406
0 0.851562 0.078125 0.109375 0.062500
0 0.933594 0.062500 0.101562 0.054688
0 0.873047 0.203125 0.113281 0.101562
0 0.896484 0.214844 0.097656 0.085938
0 0.494141 0.708984 0.121094 0.105469
0 0.265625 0.798828 0.109375 0.082031
0 0.335938 0.783203 0.101562 0.082031
0 0.583984 0.833984 0.097656 0.113281
1 0.503906 0.500000 0.140625 0.085938
1 0.394531 0.857422 0.132812 0.105469
1 0.416016 0.869141 0.128906 0.097656
1 0.935547 0.837891 0.113281 0.121094
2 0.736328 0.785156 0.160156 0.148438
2 0.474609 0.359375 0.394531 0.250000
