0 0.253906 0.296875 0.101562 0.132812
0 0.119141 0.458984 0.113281 0.058594
0 0.164062 0.494141 0.117188 0.058594
0 0.052734 0.531250 0.082031 0.054688
0 0.322266 0.630859 0.121094 0.058594
0 0.275391 0.859375 0.082031 0.070312
0 0.333984 0.890625 0.074219 0.078125
0 0.816406 0.771484 0.109375 0.058594
0 0.773438 0.804688 0.109375 0.054688
0 0.957031 0.271484 0.070312 0.097656
0 0.955078 0.341797 0.082031 0.082031
0 0.917969 0.142578 0.125000 0.152344
1 0.787109 0.238281 0.160156 0.093750
1 0.353516 0.611328 0.160156 0.074219
1 0.683594 0.705078 0.171875 0.128906
