0 0.068359 0.171875 0.121094 0.085938
0 0.150391 0.294922 0.097656 0.113281
0 0.425781 0.300781 0.093750 0.078125
0 0.460938 0.349609 0.093750 0.066406
0 0.355469 0.513672 0.132812 0.066406
0 0.107422 0.632812 0.105469 0.101562
0 0.392578 0.859375 0.144531 0.078125
0 0.837891 0.574219 0.089844 0.054688
0 0.794922 0.605469 0.097656 0.054688
0 0.945312 0.250000 0.085938 0.085938
0 0.927734 0.298828 0.082031 0.128906
1 0.158203 0.175781 0.074219 0.132812
1 0.230469 0.320312 0.132812 0.101562
1 0.347656 0.216797 0.078125 0.167969
1 0.082031 0.642578 0.156250 0.152344
1 0.710938 0.667969 0.156250 0.070312
1 0.570312 0.779297 0.140625 0.066406
1 0.912109 0.791016 0.160156 0.089844
1 0.753906 0.941406 0.117188 0.117188
1 0.351562 0.839844 0.203125 0.093750
1 0.220703 0.283203 0.121094 0.074219
