0 0.857422 0.076172 0.121094 0.074219
0 0.921875 0.054688 0.125000 0.054688
0 0.886719 0.210938 0.117188 0.093750
0 0.466797 0.492188 0.105469 0.078125
0 0.533203 0.496094 0.105469 0.070312
0 0.494141 0.703125 0.113281 0.109375
0 0.269531 0.783203 0.109375 0.097656
0 0.324219 0.785156 0.109375 0.085938
0 0.587891 0.820312 0.105469 0.117188
0 0.916016 0.802734 0.097656 0.058594
0 0.939453 0.845703 0.105469 0.074219
1 0.896484 0.035156 0.160156 0.062500
1 0.869141 0.195312 0.136719 0.109375
1 0.390625 0.845703 0.156250 0.121094
1 0.408203 0.863281 0.152344 0.117188
2 0.486328 0.351562 0.402344 0.257812
2 0.728516 0.775391 0.207031 0.152344
