0 0.068359 0.187500 0.113281 0.093750
0 0.341797 0.275391 0.082031 0.097656
0 0.382812 0.273438 0.093750 0.093750
0 0.761719 0.230469 0.132812 0.078125
0 0.517578 0.529297 0.128906 0.066406
0 0.591797 0.535156 0.121094 0.078125
0 0.662109 0.648438 0.152344 0.062500
1 0.101562 0.175781 0.125000 0.093750
1 0.787109 0.246094 0.136719 0.070312
1 0.228516 0.470703 0.136719 0.089844
1 0.222656 0.505859 0.148438 0.097656
1 0.683594 0.623047 0.156250 0.066406
1 0.927734 0.531250 0.121094 0.093750
1 0.904297 0.517578 0.167969 0.121094
2 0.589844 0.134766 0.296875 0.261719
2 0.078125 0.921875 0.148438 0.156250
2 0.359375 0.912109 0.304688 0.175781
2 0.767578 0.859375 0.378906 0.218750
