0 0.214844 0.068359 0.093750 0.082031
0 0.265625 0.062500 0.109375 0.070312
0 0.472656 0.257812 0.109375 0.101562
0 0.714844 0.162109 0.078125 0.089844
0 0.761719 0.140625 0.070312 0.085938
0 0.425781 0.406250 0.140625 0.070312
0 0.316406 0.525391 0.132812 0.058594
0 0.357422 0.710938 0.113281 0.062500
0 0.398438 0.753906 0.109375 0.070312
0 0.689453 0.626953 0.097656 0.058594
0 0.730469 0.662109 0.109375 0.058594
0 0.617188 0.800781 0.101562 0.085938
0 0.679688 0.796875 0.101562 0.078125
0 0.933594 0.898438 0.101562 0.085938
0 0.898438 0.953125 0.101562 0.070312
1 0.476562 0.500000 0.148438 0.093750
