0 0.917969 0.048828 0.125000 0.058594
0 0.804688 0.123047 0.101562 0.074219
0 0.291016 0.386719 0.121094 0.085938
0 0.087891 0.587891 0.128906 0.082031
0 0.140625 0.638672 0.117188 0.058594
0 0.218750 0.652344 0.109375 0.062500
0 0.689453 0.666016 0.105469 0.082031
0 0.708984 0.718750 0.097656 0.078125
0 0.867188 0.792969 0.117188 0.078125
0 0.828125 0.904297 0.125000 0.089844
0 0.957031 0.603516 0.085938 0.097656
1 0.617188 0.265625 0.117188 0.125000
1 0.070312 0.503906 0.132812 0.078125
1 0.712891 0.511719 0.128906 0.109375
