0 0.248047 0.439453 0.105469 0.058594
0 0.324219 0.429688 0.101562 0.054688
0 0.234375 0.546875 0.070312 0.101562
0 0.283203 0.537109 0.097656 0.066406
0 0.886719 0.652344 0.125000 0.062500
1 0.435547 0.199219 0.175781 0.101562
1 0.601562 0.214844 0.179688 0.054688
1 0.607422 0.246094 0.167969 0.046875
1 0.228516 0.402344 0.136719 0.062500
1 0.207031 0.552734 0.085938 0.144531
1 0.869141 0.722656 0.160156 0.070312
1 0.800781 0.861328 0.117188 0.082031
1 0.332031 0.951172 0.132812 0.074219
1 0.933594 0.968750 0.132812 0.062500
