0 0.408203 0.097656 0.082031 0.101562
0 0.433594 0.044922 0.078125 0.082031
0 0.445312 0.062500 0.070312 0.101562
0 0.117188 0.521484 0.109375 0.113281
0 0.187500 0.958984 0.093750 0.058594
0 0.527344 0.562500 0.093750 0.109375
0 0.544922 0.537109 0.089844 0.105469
0 0.582031 0.611328 0.078125 0.113281
0 0.796875 0.328125 0.093750 0.078125
0 0.792969 0.367188 0.093750 0.078125
1 0.287109 0.126953 0.152344 0.097656
1 0.070312 0.781250 0.070312 0.140625
1 0.097656 0.765625 0.062500 0.140625
1 0.078125 0.861328 0.148438 0.113281
2 0.693359 0.205078 0.316406 0.191406
