0 0.072266 0.230469 0.128906 0.093750
0 0.947266 0.357422 0.105469 0.105469
0 0.359375 0.564453 0.132812 0.066406
0 0.324219 0.591797 0.125000 0.058594
0 0.736328 0.648438 0.074219 0.109375
0 0.814453 0.625000 0.082031 0.085938
0 0.921875 0.783203 0.085938 0.097656
0 0.958984 0.789062 0.082031 0.093750
1 0.808594 0.021484 0.148438 0.035156
1 0.705078 0.037109 0.191406 0.066406
1 0.855469 0.031250 0.140625 0.054688
1 0.205078 0.441406 0.128906 0.101562
1 0.222656 0.458984 0.132812 0.097656
1 0.505859 0.462891 0.246094 0.066406
1 0.839844 0.478516 0.210938 0.089844
1 0.787109 0.642578 0.121094 0.160156
1 0.097656 0.955078 0.156250 0.058594
1 0.513672 0.886719 0.199219 0.070312
1 0.525391 0.917969 0.191406 0.070312
