0 0.080078 0.357422 0.113281 0.066406
0 0.126953 0.529297 0.105469 0.113281
0 0.132812 0.585938 0.101562 0.101562
0 0.734375 0.072266 0.093750 0.089844
0 0.812500 0.054688 0.125000 0.070312
1 0.054688 0.097656 0.101562 0.101562
1 0.076172 0.324219 0.144531 0.070312
1 0.402344 0.214844 0.101562 0.156250
1 0.431641 0.220703 0.105469 0.152344
1 0.722656 0.443359 0.164062 0.074219
1 0.714844 0.478516 0.140625 0.066406
1 0.796875 0.087891 0.171875 0.082031
2 0.615234 0.369141 0.300781 0.144531
2 0.390625 0.734375 0.351562 0.218750
