0 0.095703 0.072266 0.066406 0.089844
0 0.140625 0.046875 0.070312 0.070312
0 0.142578 0.255859 0.058594 0.105469
0 0.177734 0.205078 0.066406 0.097656
0 0.558594 0.294922 0.125000 0.058594
0 0.599609 0.263672 0.113281 0.042969
0 0.832031 0.599609 0.109375 0.058594
0 0.371094 0.400391 0.140625 0.066406
0 0.085938 0.546875 0.093750 0.085938
0 0.244141 0.753906 0.136719 0.062500
0 0.328125 0.927734 0.125000 0.074219
0 0.390625 0.935547 0.132812 0.074219
0 0.509766 0.974609 0.105469 0.050781
0 0.568359 0.949219 0.105469 0.054688
1 0.138672 0.074219 0.128906 0.109375
1 0.185547 0.246094 0.089844 0.132812
1 0.226562 0.371094 0.125000 0.093750
1 0.394531 0.503906 0.140625 0.101562
1 0.861328 0.093750 0.136719 0.101562
1 0.931641 0.400391 0.136719 0.058594
1 0.185547 0.628906 0.144531 0.070312
1 0.480469 0.796875 0.156250 0.109375
1 0.488281 0.822266 0.140625 0.089844
