0 0.453125 0.220703 0.125000 0.074219
0 0.474609 0.265625 0.121094 0.078125
0 0.453125 0.388672 0.140625 0.066406
0 0.417969 0.410156 0.140625 0.054688
1 0.230469 0.050781 0.171875 0.093750
1 0.250000 0.066406 0.179688 0.109375
1 0.732422 0.134766 0.128906 0.144531
1 0.750000 0.146484 0.117188 0.128906
1 0.376953 0.714844 0.175781 0.078125
1 0.376953 0.744141 0.175781 0.082031
1 0.712891 0.621094 0.152344 0.054688
1 0.712891 0.648438 0.167969 0.062500
1 0.636719 0.789062 0.179688 0.125000
1 0.654297 0.804688 0.167969 0.117188
1 0.906250 0.908203 0.164062 0.121094
1 0.914062 0.925781 0.156250 0.125000
2 0.398438 0.503906 0.335938 0.148438
