0 0.546875 0.074219 0.125000 0.109375
0 0.535156 0.103516 0.117188 0.113281
0 0.736328 0.064453 0.089844 0.105469
0 0.740234 0.123047 0.089844 0.113281
0 0.679688 0.271484 0.109375 0.066406
0 0.634766 0.324219 0.105469 0.070312
0 0.332031 0.462891 0.148438 0.074219
0 0.343750 0.496094 0.140625 0.078125
0 0.462891 0.714844 0.128906 0.062500
1 0.509766 0.537109 0.144531 0.089844
1 0.482422 0.687500 0.152344 0.070312
2 0.087891 0.673828 0.167969 0.144531
2 0.074219 0.402344 0.140625 0.156250
2 0.794922 0.757812 0.214844 0.281250
