0 0.203125 0.382812 0.093750 0.054688
0 0.248047 0.402344 0.089844 0.062500
0 0.201172 0.464844 0.105469 0.101562
0 0.294922 0.562500 0.136719 0.093750
0 0.455078 0.470703 0.097656 0.074219
0 0.505859 0.464844 0.105469 0.070312
0 0.478516 0.558594 0.136719 0.085938
0 0.726562 0.306641 0.109375 0.050781
0 0.775391 0.332031 0.113281 0.062500
0 0.740234 0.535156 0.144531 0.070312
0 0.941406 0.498047 0.093750 0.074219
0 0.884766 0.501953 0.113281 0.074219
0 0.593750 0.816406 0.125000 0.054688
0 0.648438 0.826172 0.085938 0.121094
0 0.626953 0.972656 0.113281 0.054688
0 0.664062 0.945312 0.125000 0.062500
1 0.128906 0.933594 0.156250 0.093750
1 0.664062 0.845703 0.093750 0.128906
2 0.107422 0.271484 0.207031 0.457031
