0 0.847656 0.062500 0.132812 0.054688
0 0.875000 0.093750 0.117188 0.046875
0 0.816406 0.378906 0.093750 0.054688
0 0.882812 0.373047 0.093750 0.050781
0 0.398438 0.474609 0.132812 0.058594
0 0.388672 0.507812 0.128906 0.062500
0 0.166016 0.605469 0.128906 0.070312
0 0.197266 0.625000 0.128906 0.078125
1 0.593750 0.253906 0.179688 0.046875
1 0.578125 0.285156 0.195312 0.046875
1 0.949219 0.390625 0.101562 0.046875
1 0.855469 0.587891 0.164062 0.050781
1 0.074219 0.521484 0.140625 0.121094
1 0.251953 0.748047 0.214844 0.082031
1 0.535156 0.929688 0.171875 0.054688
1 0.531250 0.962891 0.179688 0.050781
2 0.130859 0.074219 0.199219 0.140625
2 0.277344 0.281250 0.375000 0.304688
2 0.437500 0.845703 0.351562 0.269531
