0 0.732422 0.152344 0.105469 0.070312
0 0.771484 0.195312 0.097656 0.062500
0 0.646484 0.574219 0.121094 0.093750
0 0.802734 0.583984 0.113281 0.097656
0 0.753906 0.683594 0.101562 0.070312
0 0.712891 0.726562 0.105469 0.062500
0 0.458984 0.960938 0.136719 0.070312
0 0.636719 0.945312 0.085938 0.109375
1 0.089844 0.021484 0.164062 0.035156
1 0.205078 0.042969 0.144531 0.078125
1 0.537109 0.625000 0.167969 0.078125
1 0.871094 0.505859 0.132812 0.105469
1 0.089844 0.863281 0.148438 0.117188
1 0.291016 0.865234 0.144531 0.105469
1 0.601562 0.203125 0.140625 0.101562
2 0.226562 0.443359 0.343750 0.300781
