0 0.541016 0.222656 0.128906 0.078125
0 0.521484 0.269531 0.136719 0.078125
0 0.542969 0.388672 0.148438 0.074219
0 0.570312 0.412109 0.148438 0.058594
1 0.767578 0.052734 0.183594 0.097656
1 0.744141 0.070312 0.191406 0.117188
1 0.261719 0.134766 0.132812 0.160156
1 0.242188 0.150391 0.125000 0.144531
1 0.281250 0.619141 0.164062 0.058594
1 0.279297 0.650391 0.183594 0.066406
1 0.087891 0.906250 0.160156 0.140625
1 0.080078 0.925781 0.152344 0.125000
1 0.357422 0.792969 0.199219 0.140625
1 0.337891 0.808594 0.183594 0.125000
1 0.615234 0.712891 0.183594 0.089844
1 0.615234 0.744141 0.183594 0.082031
2 0.603516 0.500000 0.355469 0.132812
