0 0.072266 0.044922 0.128906 0.074219
0 0.193359 0.115234 0.121094 0.082031
0 0.357422 0.234375 0.097656 0.085938
0 0.400391 0.287109 0.097656 0.074219
0 0.039062 0.597656 0.070312 0.117188
0 0.126953 0.781250 0.136719 0.093750
0 0.298828 0.666016 0.128906 0.097656
0 0.289062 0.707031 0.109375 0.078125
0 0.783203 0.646484 0.128906 0.066406
0 0.863281 0.625000 0.132812 0.070312
1 0.285156 0.503906 0.148438 0.132812
1 0.171875 0.896484 0.148438 0.097656
1 0.703125 0.378906 0.140625 0.085938
1 0.927734 0.496094 0.144531 0.078125
1 0.898438 0.583984 0.156250 0.082031
