0 0.144531 0.062500 0.140625 0.054688
0 0.117188 0.095703 0.132812 0.050781
0 0.111328 0.373047 0.097656 0.050781
0 0.177734 0.376953 0.089844 0.058594
0 0.597656 0.476562 0.140625 0.062500
0 0.607422 0.505859 0.136719 0.066406
0 0.830078 0.605469 0.136719 0.078125
0 0.794922 0.625000 0.136719 0.078125
1 0.400391 0.253906 0.183594 0.046875
1 0.410156 0.285156 0.203125 0.054688
1 0.048828 0.394531 0.089844 0.054688
1 0.138672 0.585938 0.167969 0.054688
1 0.923828 0.525391 0.152344 0.121094
1 0.740234 0.746094 0.230469 0.085938
1 0.455078 0.927734 0.183594 0.050781
1 0.460938 0.962891 0.187500 0.050781
2 0.871094 0.070312 0.203125 0.132812
2 0.718750 0.279297 0.359375 0.308594
2 0.562500 0.851562 0.351562 0.273438
