0 0.376953 0.232422 0.128906 0.097656
0 0.857422 0.353516 0.097656 0.058594
0 0.820312 0.392578 0.078125 0.074219
0 0.865234 0.394531 0.097656 0.070312
0 0.712891 0.521484 0.113281 0.105469
0 0.175781 0.611328 0.093750 0.089844
0 0.328125 0.601562 0.109375 0.085938
0 0.886719 0.890625 0.125000 0.117188
1 0.773438 0.062500 0.117188 0.093750
1 0.886719 0.076172 0.132812 0.144531
1 0.228516 0.199219 0.136719 0.117188
1 0.107422 0.533203 0.121094 0.105469
1 0.242188 0.730469 0.140625 0.109375
1 0.447266 0.650391 0.144531 0.082031
1 0.687500 0.886719 0.132812 0.101562
1 0.664062 0.566406 0.132812 0.078125
1 0.751953 0.464844 0.136719 0.078125
