0 0.306641 0.042969 0.128906 0.078125
0 0.150391 0.492188 0.136719 0.078125
0 0.189453 0.638672 0.089844 0.097656
0 0.248047 0.660156 0.097656 0.101562
0 0.058594 0.792969 0.109375 0.085938
0 0.501953 0.898438 0.121094 0.062500
0 0.445312 0.919922 0.117188 0.066406
0 0.751953 0.457031 0.089844 0.078125
0 0.808594 0.464844 0.085938 0.085938
1 0.144531 0.033203 0.164062 0.058594
1 0.935547 0.240234 0.128906 0.082031
1 0.494141 0.476562 0.152344 0.070312
1 0.654297 0.587891 0.152344 0.082031
1 0.871094 0.964844 0.156250 0.070312
