0 0.058594 0.314453 0.070312 0.128906
0 0.644531 0.230469 0.085938 0.148438
0 0.835938 0.177734 0.070312 0.121094
0 0.925781 0.175781 0.117188 0.085938
0 0.771484 0.294922 0.113281 0.066406
0 0.773438 0.335938 0.117188 0.101562
0 0.630859 0.523438 0.121094 0.078125
0 0.279297 0.677734 0.144531 0.082031
0 0.425781 0.787109 0.140625 0.074219
0 0.234375 0.945312 0.109375 0.109375
0 0.593750 0.869141 0.132812 0.082031
0 0.886719 0.638672 0.101562 0.097656
1 0.544922 0.339844 0.136719 0.132812
1 0.833984 0.304688 0.097656 0.093750
1 0.173828 0.597656 0.144531 0.093750
1 0.083984 0.798828 0.144531 0.082031
1 0.634766 0.849609 0.183594 0.089844
1 0.921875 0.650391 0.156250 0.136719
1 0.048828 0.281250 0.089844 0.125000
