0 0.154297 0.068359 0.113281 0.050781
0 0.113281 0.101562 0.109375 0.054688
0 0.101562 0.382812 0.132812 0.046875
0 0.150391 0.591797 0.136719 0.050781
0 0.396484 0.255859 0.144531 0.050781
0 0.419922 0.287109 0.152344 0.050781
0 0.585938 0.472656 0.117188 0.054688
0 0.617188 0.511719 0.117188 0.062500
0 0.917969 0.531250 0.117188 0.101562
0 0.951172 0.533203 0.097656 0.097656
0 0.773438 0.623047 0.109375 0.082031
0 0.849609 0.621094 0.105469 0.062500
0 0.439453 0.935547 0.144531 0.058594
0 0.468750 0.972656 0.148438 0.054688
1 0.746094 0.751953 0.179688 0.066406
1 0.646484 0.917969 0.175781 0.093750
1 0.613281 0.935547 0.171875 0.097656
2 0.861328 0.070312 0.183594 0.132812
2 0.718750 0.283203 0.351562 0.292969
2 0.505859 0.800781 0.230469 0.171875
