0 0.839844 0.115234 0.101562 0.113281
0 0.845703 0.173828 0.082031 0.105469
0 0.890625 0.158203 0.070312 0.121094
0 0.791016 0.476562 0.097656 0.101562
0 0.927734 0.410156 0.074219 0.093750
0 0.689453 0.570312 0.121094 0.093750
0 0.507812 0.568359 0.125000 0.082031
0 0.253906 0.539062 0.125000 0.070312
0 0.341797 0.832031 0.082031 0.109375
0 0.396484 0.826172 0.113281 0.058594
0 0.314453 0.951172 0.105469 0.066406
0 0.367188 0.976562 0.109375 0.046875
0 0.861328 0.939453 0.152344 0.082031
1 0.894531 0.306641 0.101562 0.160156
1 0.945312 0.425781 0.093750 0.132812
1 0.759766 0.400391 0.144531 0.074219
1 0.509766 0.474609 0.160156 0.074219
1 0.242188 0.326172 0.171875 0.074219
1 0.089844 0.507812 0.171875 0.078125
1 0.322266 0.851562 0.097656 0.125000
