0 0.773438 0.060547 0.132812 0.097656
0 0.271484 0.148438 0.097656 0.125000
0 0.238281 0.150391 0.093750 0.121094
0 0.501953 0.474609 0.121094 0.058594
0 0.531250 0.511719 0.132812 0.054688
0 0.292969 0.623047 0.125000 0.058594
0 0.623047 0.710938 0.136719 0.070312
0 0.611328 0.751953 0.136719 0.074219
0 0.326172 0.802734 0.136719 0.097656
0 0.076172 0.906250 0.136719 0.117188
1 0.740234 0.072266 0.136719 0.097656
1 0.523438 0.255859 0.148438 0.136719
1 0.566406 0.402344 0.195312 0.078125
1 0.669922 0.519531 0.199219 0.070312
1 0.277344 0.662109 0.148438 0.058594
1 0.359375 0.792969 0.148438 0.109375
1 0.085938 0.943359 0.140625 0.089844
