0 0.271484 0.308594 0.121094 0.062500
0 0.214844 0.330078 0.117188 0.066406
0 0.050781 0.498047 0.093750 0.082031
0 0.105469 0.500000 0.117188 0.078125
0 0.251953 0.533203 0.144531 0.074219
0 0.511719 0.556641 0.132812 0.089844
0 0.488281 0.466797 0.101562 0.074219
0 0.535156 0.470703 0.101562 0.074219
0 0.695312 0.564453 0.148438 0.097656
0 0.791016 0.386719 0.097656 0.062500
0 0.746094 0.404297 0.093750 0.058594
0 0.791016 0.468750 0.113281 0.117188
0 0.345703 0.824219 0.089844 0.125000
0 0.402344 0.818359 0.132812 0.058594
0 0.324219 0.941406 0.125000 0.062500
0 0.361328 0.970703 0.121094 0.058594
1 0.328125 0.845703 0.109375 0.136719
1 0.865234 0.933594 0.167969 0.085938
2 0.888672 0.277344 0.222656 0.460938
