0 0.115234 0.660156 0.121094 0.062500
0 0.103516 0.701172 0.121094 0.066406
0 0.332031 0.955078 0.132812 0.058594
0 0.396484 0.972656 0.128906 0.054688
0 0.687500 0.927734 0.054688 0.144531
0 0.826172 0.832031 0.175781 0.054688
1 0.929688 0.267578 0.140625 0.105469
1 0.843750 0.359375 0.187500 0.054688
1 0.859375 0.396484 0.203125 0.050781
1 0.425781 0.429688 0.195312 0.070312
1 0.390625 0.455078 0.265625 0.089844
1 0.505859 0.871094 0.167969 0.085938
1 0.531250 0.888672 0.164062 0.089844
1 0.816406 0.802734 0.195312 0.058594
1 0.722656 0.937500 0.054688 0.125000
