0 0.458984 0.068359 0.105469 0.089844
0 0.453125 0.111328 0.101562 0.089844
0 0.478516 0.539062 0.121094 0.085938
0 0.673828 0.457031 0.121094 0.062500
0 0.638672 0.503906 0.121094 0.070312
0 0.900391 0.685547 0.144531 0.097656
0 0.933594 0.421875 0.109375 0.070312
0 0.498047 0.689453 0.121094 0.074219
0 0.541016 0.708984 0.121094 0.058594
1 0.250000 0.103516 0.101562 0.167969
1 0.339844 0.306641 0.132812 0.121094
1 0.927734 0.666016 0.144531 0.082031
1 0.929688 0.378906 0.140625 0.062500
2 0.197266 0.761719 0.199219 0.281250
