0 0.230469 0.140625 0.078125 0.093750
0 0.281250 0.160156 0.085938 0.093750
0 0.728516 0.064453 0.113281 0.082031
0 0.783203 0.066406 0.105469 0.085938
0 0.523438 0.257812 0.117188 0.101562
0 0.570312 0.404297 0.148438 0.074219
0 0.679688 0.523438 0.140625 0.070312
0 0.302734 0.628906 0.105469 0.062500
0 0.261719 0.664062 0.117188 0.062500
0 0.632812 0.707031 0.117188 0.062500
0 0.599609 0.755859 0.113281 0.066406
0 0.312500 0.798828 0.109375 0.089844
0 0.375000 0.800781 0.109375 0.093750
0 0.062500 0.896484 0.101562 0.089844
0 0.091797 0.955078 0.113281 0.066406
1 0.517578 0.500000 0.160156 0.101562
