0 0.083984 0.162109 0.121094 0.082031
0 0.162109 0.218750 0.089844 0.101562
0 0.068359 0.800781 0.113281 0.070312
0 0.064453 0.835938 0.121094 0.078125
0 0.570312 0.818359 0.117188 0.105469
0 0.628906 0.843750 0.117188 0.117188
1 0.097656 0.207031 0.148438 0.125000
1 0.500000 0.701172 0.140625 0.136719
1 0.710938 0.775391 0.156250 0.113281
1 0.681641 0.787109 0.160156 0.105469
1 0.585938 0.855469 0.203125 0.164062
2 0.109375 0.058594 0.210938 0.109375
2 0.523438 0.375000 0.406250 0.343750
2 0.312500 0.785156 0.328125 0.187500
