0 0.310547 0.099609 0.058594 0.113281
0 0.207031 0.253906 0.132812 0.078125
0 0.619141 0.292969 0.113281 0.085938
0 0.898438 0.199219 0.132812 0.085938
0 0.771484 0.511719 0.121094 0.117188
0 0.441406 0.548828 0.132812 0.074219
0 0.302734 0.650391 0.144531 0.082031
0 0.689453 0.906250 0.105469 0.085938
1 0.437500 0.042969 0.179688 0.078125
1 0.341797 0.136719 0.066406 0.195312
1 0.080078 0.535156 0.152344 0.109375
1 0.609375 0.929688 0.117188 0.093750
1 0.601562 0.949219 0.140625 0.085938
2 0.214844 0.886719 0.296875 0.171875
