0 0.458984 0.103516 0.105469 0.082031
0 0.537109 0.115234 0.113281 0.066406
0 0.849609 0.224609 0.105469 0.050781
0 0.802734 0.376953 0.144531 0.066406
0 0.050781 0.566406 0.093750 0.117188
0 0.365234 0.824219 0.152344 0.070312
0 0.582031 0.966797 0.125000 0.066406
1 0.191406 0.306641 0.179688 0.066406
1 0.369141 0.337891 0.136719 0.066406
1 0.871094 0.242188 0.187500 0.085938
1 0.833984 0.582031 0.082031 0.132812
1 0.837891 0.923828 0.144531 0.074219
1 0.308594 0.931641 0.171875 0.097656
1 0.326172 0.949219 0.152344 0.078125
