0 0.927734 0.183594 0.121094 0.093750
0 0.609375 0.277344 0.093750 0.101562
0 0.652344 0.273438 0.093750 0.093750
0 0.404297 0.535156 0.121094 0.078125
0 0.476562 0.529297 0.132812 0.066406
0 0.333984 0.644531 0.144531 0.062500
0 0.236328 0.228516 0.136719 0.082031
1 0.207031 0.244141 0.140625 0.074219
1 0.884766 0.179688 0.128906 0.093750
1 0.767578 0.474609 0.144531 0.089844
1 0.769531 0.509766 0.156250 0.105469
1 0.091797 0.515625 0.167969 0.132812
1 0.070312 0.535156 0.125000 0.101562
1 0.306641 0.619141 0.152344 0.066406
2 0.402344 0.136719 0.289062 0.265625
2 0.228516 0.861328 0.386719 0.230469
2 0.642578 0.904297 0.300781 0.175781
2 0.919922 0.927734 0.160156 0.144531
