0 0.849609 0.042969 0.082031 0.078125
0 0.898438 0.072266 0.070312 0.097656
0 0.812500 0.201172 0.062500 0.105469
0 0.847656 0.255859 0.054688 0.113281
0 0.388672 0.261719 0.121094 0.054688
0 0.433594 0.292969 0.125000 0.054688
0 0.623047 0.400391 0.144531 0.066406
0 0.162109 0.593750 0.113281 0.062500
0 0.906250 0.546875 0.101562 0.085938
0 0.750000 0.755859 0.140625 0.066406
0 0.423828 0.943359 0.113281 0.058594
0 0.478516 0.972656 0.121094 0.054688
0 0.601562 0.937500 0.132812 0.085938
0 0.664062 0.931641 0.125000 0.082031
1 0.130859 0.087891 0.144531 0.097656
1 0.851562 0.072266 0.132812 0.113281
1 0.802734 0.240234 0.097656 0.136719
1 0.765625 0.369141 0.140625 0.097656
1 0.605469 0.501953 0.148438 0.105469
1 0.810547 0.625000 0.160156 0.070312
1 0.513672 0.792969 0.175781 0.109375
1 0.503906 0.820312 0.156250 0.093750
1 0.068359 0.400391 0.128906 0.074219
