0 0.851562 0.083984 0.117188 0.097656
0 0.800781 0.248047 0.085938 0.121094
0 0.615234 0.406250 0.121094 0.062500
0 0.759766 0.375000 0.121094 0.085938
0 0.603516 0.507812 0.121094 0.085938
0 0.808594 0.632812 0.132812 0.070312
0 0.166016 0.597656 0.089844 0.062500
0 0.744141 0.757812 0.128906 0.062500
0 0.503906 0.828125 0.132812 0.085938
0 0.587891 0.935547 0.113281 0.074219
0 0.667969 0.945312 0.109375 0.070312
1 0.869141 0.064453 0.121094 0.105469
1 0.824219 0.232422 0.101562 0.152344
1 0.412109 0.287109 0.160156 0.082031
1 0.125000 0.097656 0.125000 0.085938
1 0.929688 0.542969 0.140625 0.093750
1 0.509766 0.800781 0.144531 0.093750
1 0.445312 0.958984 0.156250 0.082031
