0 0.109375 0.123047 0.109375 0.082031
0 0.837891 0.117188 0.097656 0.085938
0 0.785156 0.277344 0.078125 0.101562
0 0.742188 0.404297 0.117188 0.082031
0 0.603516 0.433594 0.113281 0.070312
0 0.587891 0.531250 0.105469 0.085938
0 0.791016 0.662109 0.121094 0.074219
0 0.732422 0.787109 0.113281 0.058594
0 0.490234 0.857422 0.121094 0.074219
1 0.853516 0.089844 0.113281 0.093750
1 0.810547 0.263672 0.097656 0.128906
1 0.398438 0.314453 0.148438 0.089844
1 0.121094 0.615234 0.132812 0.082031
1 0.613281 0.962891 0.171875 0.074219
1 0.500000 0.828125 0.125000 0.085938
1 0.917969 0.568359 0.132812 0.082031
