0 0.748047 0.044922 0.089844 0.082031
0 0.826172 0.144531 0.097656 0.093750
0 0.832031 0.205078 0.070312 0.097656
0 0.871094 0.185547 0.070312 0.105469
0 0.777344 0.507812 0.101562 0.093750
0 0.908203 0.439453 0.066406 0.089844
0 0.671875 0.597656 0.117188 0.093750
0 0.494141 0.595703 0.113281 0.082031
0 0.240234 0.566406 0.113281 0.085938
0 0.310547 0.886719 0.089844 0.109375
0 0.843750 0.962891 0.132812 0.074219
1 0.230469 0.355469 0.156250 0.085938
1 0.076172 0.535156 0.144531 0.078125
1 0.498047 0.503906 0.144531 0.078125
1 0.742188 0.427734 0.125000 0.074219
1 0.876953 0.333984 0.097656 0.136719
1 0.929688 0.453125 0.085938 0.117188
1 0.353516 0.845703 0.167969 0.089844
