0 0.048828 0.248047 0.089844 0.113281
0 0.556641 0.300781 0.128906 0.085938
0 0.544922 0.345703 0.121094 0.082031
0 0.167969 0.566406 0.132812 0.054688
0 0.189453 0.605469 0.128906 0.054688
0 0.238281 0.666016 0.125000 0.074219
0 0.314453 0.666016 0.121094 0.074219
0 0.060547 0.773438 0.113281 0.062500
0 0.101562 0.794922 0.132812 0.058594
0 0.390625 0.767578 0.117188 0.074219
0 0.458984 0.777344 0.113281 0.062500
0 0.246094 0.921875 0.109375 0.078125
0 0.228516 0.964844 0.113281 0.070312
0 0.595703 0.828125 0.152344 0.085938
1 0.072266 0.281250 0.105469 0.179688
1 0.687500 0.843750 0.156250 0.101562
1 0.613281 0.857422 0.203125 0.089844
1 0.884766 0.630859 0.160156 0.136719
1 0.898438 0.658203 0.203125 0.160156
1 0.644531 0.509766 0.179688 0.074219
2 0.789062 0.238281 0.398438 0.289062
