0 0.072266 0.144531 0.121094 0.156250
0 0.037109 0.271484 0.066406 0.105469
0 0.037109 0.341797 0.066406 0.089844
0 0.177734 0.775391 0.113281 0.058594
0 0.220703 0.802734 0.113281 0.058594
0 0.738281 0.294922 0.093750 0.136719
0 0.669922 0.632812 0.121094 0.062500
0 0.873047 0.457031 0.121094 0.062500
0 0.828125 0.492188 0.125000 0.054688
0 0.939453 0.535156 0.097656 0.062500
0 0.658203 0.892578 0.082031 0.082031
0 0.712891 0.857422 0.089844 0.074219
1 0.205078 0.238281 0.167969 0.085938
1 0.308594 0.703125 0.179688 0.125000
1 0.638672 0.609375 0.160156 0.078125
