0 0.195312 0.091797 0.148438 0.074219
0 0.552734 0.216797 0.089844 0.128906
0 0.595703 0.234375 0.097656 0.125000
0 0.664062 0.050781 0.093750 0.093750
0 0.937500 0.099609 0.093750 0.089844
0 0.279297 0.449219 0.136719 0.062500
0 0.335938 0.353516 0.140625 0.082031
0 0.927734 0.328125 0.144531 0.070312
0 0.533203 0.681641 0.121094 0.074219
0 0.601562 0.714844 0.117188 0.062500
0 0.503906 0.777344 0.101562 0.062500
0 0.542969 0.798828 0.117188 0.058594
1 0.218750 0.070312 0.179688 0.085938
1 0.939453 0.353516 0.121094 0.074219
1 0.330078 0.384766 0.152344 0.089844
1 0.439453 0.367188 0.136719 0.093750
1 0.863281 0.560547 0.117188 0.175781
1 0.677734 0.732422 0.191406 0.066406
