0 0.183594 0.052734 0.132812 0.074219
0 0.257812 0.068359 0.109375 0.089844
0 0.916016 0.359375 0.113281 0.062500
0 0.867188 0.527344 0.117188 0.117188
0 0.863281 0.587891 0.101562 0.105469
1 0.941406 0.103516 0.117188 0.113281
1 0.587891 0.214844 0.105469 0.164062
1 0.558594 0.218750 0.109375 0.164062
1 0.279297 0.445312 0.152344 0.078125
1 0.285156 0.480469 0.148438 0.078125
1 0.921875 0.320312 0.156250 0.070312
1 0.195312 0.087891 0.179688 0.089844
2 0.380859 0.367188 0.300781 0.156250
2 0.609375 0.734375 0.343750 0.203125
