0 0.119141 0.033203 0.128906 0.058594
0 0.187500 0.025391 0.125000 0.042969
0 0.306641 0.041016 0.160156 0.074219
0 0.794922 0.453125 0.113281 0.093750
0 0.763672 0.460938 0.105469 0.085938
0 0.619141 0.572266 0.113281 0.058594
0 0.679688 0.591797 0.101562 0.058594
0 0.197266 0.644531 0.113281 0.117188
0 0.458984 0.917969 0.152344 0.062500
1 0.052734 0.365234 0.097656 0.121094
1 0.154297 0.484375 0.175781 0.078125
1 0.232422 0.642578 0.121094 0.128906
1 0.062500 0.791016 0.117188 0.113281
1 0.486328 0.466797 0.199219 0.074219
1 0.488281 0.894531 0.164062 0.070312
1 0.863281 0.960938 0.210938 0.078125
1 0.927734 0.236328 0.144531 0.097656
