0 0.185547 0.248047 0.089844 0.074219
0 0.250000 0.242188 0.101562 0.070312
0 0.052734 0.535156 0.089844 0.093750
0 0.097656 0.525391 0.125000 0.089844
0 0.279297 0.632812 0.113281 0.062500
0 0.357422 0.644531 0.105469 0.054688
0 0.443359 0.541016 0.167969 0.074219
1 0.628906 0.283203 0.140625 0.097656
1 0.769531 0.503906 0.156250 0.148438
1 0.902344 0.187500 0.164062 0.093750
1 0.953125 0.931641 0.093750 0.113281
2 0.404297 0.126953 0.269531 0.246094
2 0.216797 0.875000 0.324219 0.203125
2 0.634766 0.919922 0.261719 0.152344
