0 0.109375 0.037109 0.132812 0.066406
0 0.679688 0.369141 0.125000 0.089844
0 0.716797 0.361328 0.121094 0.089844
0 0.029297 0.576172 0.050781 0.097656
0 0.287109 0.476562 0.152344 0.085938
0 0.148438 0.884766 0.140625 0.121094
1 0.208984 0.111328 0.199219 0.097656
1 0.390625 0.238281 0.164062 0.101562
1 0.380859 0.265625 0.144531 0.101562
1 0.289062 0.507812 0.156250 0.093750
1 0.177734 0.892578 0.144531 0.113281
1 0.042969 0.613281 0.078125 0.171875
2 0.855469 0.558594 0.289062 0.250000
2 0.214844 0.708984 0.351562 0.230469
