0 0.070312 0.046875 0.117188 0.062500
0 0.189453 0.125000 0.113281 0.078125
0 0.041016 0.591797 0.074219 0.105469
0 0.126953 0.791016 0.121094 0.082031
0 0.166016 0.904297 0.136719 0.089844
0 0.285156 0.722656 0.101562 0.078125
0 0.302734 0.667969 0.105469 0.085938
0 0.701172 0.384766 0.128906 0.089844
0 0.775391 0.650391 0.121094 0.066406
0 0.853516 0.634766 0.121094 0.066406
0 0.904297 0.587891 0.128906 0.082031
1 0.281250 0.507812 0.125000 0.117188
1 0.373047 0.263672 0.121094 0.128906
1 0.929688 0.501953 0.140625 0.074219
