0 0.087891 0.039062 0.136719 0.062500
0 0.060547 0.062500 0.105469 0.062500
0 0.138672 0.076172 0.105469 0.058594
0 0.123047 0.205078 0.121094 0.105469
0 0.097656 0.214844 0.109375 0.093750
0 0.404297 0.828125 0.097656 0.109375
0 0.494141 0.708984 0.105469 0.097656
0 0.658203 0.781250 0.105469 0.078125
0 0.722656 0.794922 0.109375 0.082031
1 0.488281 0.498047 0.164062 0.074219
1 0.060547 0.833984 0.113281 0.121094
1 0.601562 0.849609 0.140625 0.113281
1 0.576172 0.865234 0.144531 0.105469
2 0.259766 0.777344 0.167969 0.148438
2 0.515625 0.353516 0.367188 0.246094
