0 0.039062 0.343750 0.062500 0.109375
0 0.615234 0.548828 0.113281 0.074219
0 0.070312 0.824219 0.132812 0.078125
0 0.261719 0.701172 0.125000 0.074219
0 0.410156 0.814453 0.117188 0.074219
0 0.574219 0.894531 0.117188 0.078125
0 0.875000 0.667969 0.093750 0.085938
0 0.757812 0.363281 0.101562 0.093750
0 0.759766 0.320312 0.097656 0.062500
0 0.810547 0.333984 0.089844 0.082031
0 0.914062 0.203125 0.101562 0.070312
0 0.628906 0.263672 0.078125 0.128906
1 0.523438 0.365234 0.101562 0.121094
1 0.154297 0.626953 0.128906 0.089844
1 0.617188 0.880859 0.156250 0.082031
1 0.906250 0.677734 0.132812 0.121094
