0 0.201172 0.720703 0.097656 0.105469
0 0.195312 0.771484 0.093750 0.089844
0 0.560547 0.607422 0.128906 0.089844
0 0.611328 0.593750 0.128906 0.070312
0 0.841797 0.894531 0.160156 0.054688
1 0.722656 0.087891 0.140625 0.082031
1 0.736328 0.107422 0.136719 0.082031
1 0.626953 0.218750 0.167969 0.054688
1 0.648438 0.251953 0.171875 0.050781
1 0.923828 0.390625 0.152344 0.117188
1 0.812500 0.666016 0.187500 0.058594
1 0.839844 0.701172 0.171875 0.058594
1 0.859375 0.861328 0.179688 0.050781
2 0.404297 0.457031 0.222656 0.187500
