0 0.177734 0.156250 0.105469 0.070312
0 0.234375 0.162109 0.109375 0.089844
0 0.253906 0.087891 0.132812 0.089844
0 0.453125 0.187500 0.125000 0.078125
0 0.656250 0.083984 0.132812 0.089844
0 0.865234 0.042969 0.136719 0.070312
0 0.664062 0.414062 0.117188 0.085938
0 0.929688 0.394531 0.140625 0.093750
0 0.535156 0.472656 0.117188 0.062500
0 0.585938 0.505859 0.109375 0.058594
0 0.316406 0.513672 0.125000 0.097656
0 0.052734 0.855469 0.097656 0.078125
0 0.138672 0.884766 0.121094 0.089844
1 0.070312 0.095703 0.085938 0.152344
1 0.046875 0.103516 0.078125 0.167969
