0 0.046875 0.246094 0.085938 0.085938
0 0.062500 0.300781 0.078125 0.132812
0 0.154297 0.572266 0.105469 0.066406
0 0.201172 0.607422 0.105469 0.058594
0 0.640625 0.511719 0.140625 0.070312
0 0.566406 0.292969 0.109375 0.078125
0 0.531250 0.353516 0.101562 0.066406
0 0.841797 0.292969 0.105469 0.117188
0 0.923828 0.169922 0.121094 0.082031
0 0.599609 0.861328 0.152344 0.082031
0 0.886719 0.634766 0.109375 0.097656
1 0.839844 0.171875 0.070312 0.132812
1 0.917969 0.638672 0.164062 0.152344
1 0.279297 0.666016 0.160156 0.066406
1 0.087891 0.791016 0.167969 0.082031
1 0.236328 0.939453 0.113281 0.121094
1 0.423828 0.777344 0.144531 0.070312
1 0.636719 0.839844 0.210938 0.093750
1 0.648438 0.218750 0.078125 0.171875
1 0.771484 0.281250 0.128906 0.070312
1 0.767578 0.322266 0.136719 0.113281
