0 0.375000 0.236328 0.125000 0.082031
0 0.386719 0.275391 0.117188 0.082031
0 0.662109 0.367188 0.097656 0.078125
0 0.726562 0.375000 0.093750 0.078125
0 0.134766 0.900391 0.097656 0.097656
0 0.193359 0.884766 0.105469 0.082031
0 0.273438 0.474609 0.117188 0.066406
0 0.302734 0.519531 0.121094 0.078125
0 0.298828 0.697266 0.128906 0.097656
1 0.070312 0.042969 0.132812 0.070312
1 0.199219 0.113281 0.156250 0.085938
1 0.039062 0.607422 0.070312 0.136719
1 0.128906 0.781250 0.164062 0.093750
1 0.289062 0.671875 0.148438 0.117188
2 0.857422 0.566406 0.285156 0.234375
