0 0.822266 0.044922 0.136719 0.050781
0 0.240234 0.179688 0.113281 0.070312
0 0.369141 0.169922 0.121094 0.058594
0 0.408203 0.208984 0.136719 0.058594
0 0.130859 0.480469 0.121094 0.054688
0 0.126953 0.515625 0.121094 0.046875
0 0.443359 0.617188 0.136719 0.078125
0 0.484375 0.605469 0.132812 0.085938
0 0.269531 0.710938 0.132812 0.070312
0 0.355469 0.933594 0.101562 0.132812
0 0.515625 0.945312 0.101562 0.070312
0 0.558594 0.958984 0.101562 0.074219
0 0.703125 0.833984 0.132812 0.058594
0 0.714844 0.873047 0.125000 0.058594
0 0.904297 0.835938 0.144531 0.070312
0 0.914062 0.873047 0.132812 0.074219
1 0.833984 0.025391 0.238281 0.042969
1 0.251953 0.146484 0.144531 0.074219
1 0.177734 0.566406 0.144531 0.101562
1 0.371094 0.566406 0.171875 0.070312
1 0.265625 0.677734 0.140625 0.074219
2 0.785156 0.431641 0.367188 0.308594
