0 0.542969 0.064453 0.078125 0.113281
0 0.558594 0.044922 0.085938 0.082031
0 0.585938 0.097656 0.085938 0.109375
0 0.197266 0.330078 0.113281 0.082031
0 0.195312 0.369141 0.101562 0.082031
0 0.408203 0.613281 0.074219 0.125000
0 0.443359 0.535156 0.097656 0.101562
0 0.464844 0.560547 0.093750 0.105469
0 0.876953 0.521484 0.113281 0.121094
0 0.804688 0.957031 0.101562 0.054688
1 0.707031 0.121094 0.148438 0.085938
1 0.917969 0.865234 0.156250 0.121094
1 0.896484 0.765625 0.058594 0.148438
1 0.917969 0.783203 0.062500 0.136719
2 0.298828 0.199219 0.316406 0.179688
