0 0.332031 0.275391 0.148438 0.082031
0 0.345703 0.310547 0.144531 0.082031
0 0.490234 0.527344 0.191406 0.101562
0 0.652344 0.488281 0.195312 0.085938
1 0.248047 0.072266 0.105469 0.136719
1 0.263672 0.099609 0.121094 0.152344
1 0.458984 0.068359 0.167969 0.128906
1 0.470703 0.087891 0.160156 0.128906
1 0.656250 0.458984 0.195312 0.097656
1 0.527344 0.681641 0.210938 0.082031
1 0.533203 0.710938 0.183594 0.070312
2 0.912109 0.396484 0.175781 0.160156
2 0.898438 0.634766 0.203125 0.199219
2 0.203125 0.744141 0.250000 0.308594
