0 0.261719 0.308594 0.132812 0.062500
0 0.222656 0.330078 0.132812 0.058594
0 0.062500 0.492188 0.117188 0.085938
0 0.099609 0.501953 0.136719 0.082031
0 0.496094 0.462891 0.117188 0.074219
0 0.525391 0.472656 0.113281 0.070312
0 0.779297 0.380859 0.113281 0.066406
0 0.759766 0.402344 0.105469 0.062500
0 0.830078 0.917969 0.113281 0.062500
0 0.890625 0.941406 0.117188 0.062500
1 0.781250 0.458984 0.132812 0.113281
1 0.695312 0.560547 0.164062 0.105469
1 0.509766 0.554688 0.152344 0.093750
1 0.255859 0.529297 0.160156 0.074219
2 0.365234 0.876953 0.238281 0.246094
2 0.886719 0.275391 0.226562 0.457031
