0 0.187500 0.152344 0.109375 0.078125
0 0.232422 0.148438 0.121094 0.085938
0 0.457031 0.177734 0.132812 0.074219
0 0.871094 0.037109 0.140625 0.066406
0 0.316406 0.507812 0.140625 0.101562
0 0.544922 0.462891 0.128906 0.058594
0 0.582031 0.501953 0.125000 0.058594
0 0.058594 0.849609 0.101562 0.082031
1 0.251953 0.080078 0.152344 0.089844
1 0.666016 0.080078 0.144531 0.074219
1 0.666016 0.408203 0.136719 0.082031
1 0.923828 0.390625 0.152344 0.093750
1 0.136719 0.875000 0.156250 0.101562
1 0.062500 0.875000 0.109375 0.093750
2 0.064453 0.103516 0.113281 0.199219
