0 0.728516 0.107422 0.113281 0.066406
0 0.681641 0.134766 0.113281 0.058594
0 0.207031 0.333984 0.125000 0.105469
0 0.195312 0.363281 0.117188 0.093750
0 0.851562 0.490234 0.093750 0.089844
0 0.896484 0.542969 0.113281 0.070312
0 0.816406 0.951172 0.125000 0.058594
1 0.410156 0.605469 0.093750 0.156250
1 0.453125 0.539062 0.109375 0.140625
1 0.470703 0.558594 0.113281 0.156250
1 0.541016 0.070312 0.074219 0.132812
1 0.558594 0.060547 0.070312 0.113281
1 0.583984 0.091797 0.082031 0.136719
2 0.316406 0.195312 0.328125 0.203125
2 0.902344 0.791016 0.195312 0.269531
