0 0.068359 0.054688 0.128906 0.054688
0 0.134766 0.076172 0.128906 0.066406
0 0.103516 0.212891 0.121094 0.097656
0 0.462891 0.494141 0.105469 0.066406
0 0.527344 0.488281 0.101562 0.078125
0 0.500000 0.707031 0.117188 0.109375
0 0.406250 0.820312 0.109375 0.117188
0 0.720703 0.785156 0.121094 0.101562
0 0.671875 0.785156 0.125000 0.085938
0 0.074219 0.800781 0.093750 0.062500
0 0.052734 0.845703 0.097656 0.074219
1 0.097656 0.035156 0.164062 0.062500
1 0.123047 0.195312 0.144531 0.109375
1 0.603516 0.845703 0.167969 0.136719
1 0.582031 0.861328 0.156250 0.128906
2 0.515625 0.343750 0.390625 0.257812
2 0.269531 0.779297 0.187500 0.160156
