0 0.257812 0.060547 0.093750 0.105469
0 0.253906 0.121094 0.093750 0.109375
0 0.451172 0.074219 0.128906 0.109375
0 0.458984 0.101562 0.121094 0.109375
0 0.314453 0.271484 0.113281 0.074219
0 0.359375 0.322266 0.109375 0.074219
0 0.529297 0.714844 0.136719 0.070312
0 0.662109 0.462891 0.152344 0.074219
0 0.650391 0.492188 0.136719 0.078125
1 0.484375 0.535156 0.156250 0.093750
1 0.513672 0.689453 0.160156 0.074219
2 0.921875 0.404297 0.156250 0.136719
2 0.908203 0.671875 0.183594 0.140625
2 0.197266 0.755859 0.222656 0.285156
