0 0.849609 0.572266 0.089844 0.105469
1 0.511719 0.082031 0.203125 0.109375
1 0.494141 0.101562 0.191406 0.109375
1 0.796875 0.353516 0.148438 0.082031
1 0.814453 0.367188 0.144531 0.085938
1 0.058594 0.541016 0.109375 0.105469
1 0.054688 0.578125 0.101562 0.109375
1 0.851562 0.919922 0.140625 0.066406
1 0.828125 0.902344 0.156250 0.070312
1 0.591797 0.970703 0.199219 0.058594
1 0.595703 0.949219 0.253906 0.101562
1 0.830078 0.556641 0.097656 0.121094
2 0.867188 0.230469 0.265625 0.132812
2 0.279297 0.302734 0.371094 0.136719
2 0.335938 0.867188 0.265625 0.242188
