0 0.347656 0.023438 0.140625 0.039062
0 0.460938 0.074219 0.093750 0.093750
0 0.441406 0.123047 0.093750 0.089844
0 0.337891 0.310547 0.113281 0.105469
0 0.476562 0.548828 0.117188 0.082031
0 0.482422 0.705078 0.105469 0.074219
0 0.546875 0.714844 0.109375 0.062500
0 0.626953 0.511719 0.105469 0.070312
0 0.681641 0.466797 0.105469 0.066406
0 0.894531 0.691406 0.125000 0.093750
0 0.921875 0.392578 0.125000 0.058594
1 0.250000 0.115234 0.085938 0.152344
1 0.925781 0.671875 0.140625 0.062500
1 0.947266 0.427734 0.105469 0.066406
2 0.191406 0.771484 0.187500 0.269531
