0 0.521484 0.089844 0.152344 0.093750
0 0.490234 0.103516 0.152344 0.089844
0 0.169922 0.291016 0.128906 0.082031
0 0.216797 0.304688 0.152344 0.070312
0 0.783203 0.363281 0.121094 0.070312
0 0.833984 0.373047 0.113281 0.082031
0 0.058594 0.535156 0.109375 0.085938
0 0.837891 0.550781 0.089844 0.093750
0 0.845703 0.583984 0.082031 0.089844
0 0.353516 0.806641 0.128906 0.074219
0 0.396484 0.818359 0.128906 0.082031
0 0.814453 0.906250 0.121094 0.070312
0 0.861328 0.925781 0.113281 0.062500
1 0.351562 0.328125 0.203125 0.070312
1 0.591797 0.953125 0.191406 0.078125
1 0.601562 0.974609 0.171875 0.050781
2 0.869141 0.230469 0.261719 0.140625
2 0.322266 0.923828 0.253906 0.152344
