0 0.232422 0.082031 0.128906 0.078125
0 0.189453 0.089844 0.121094 0.062500
0 0.929688 0.093750 0.085938 0.070312
0 0.332031 0.351562 0.117188 0.070312
0 0.433594 0.369141 0.109375 0.082031
0 0.351562 0.394531 0.117188 0.054688
0 0.291016 0.453125 0.113281 0.062500
0 0.695312 0.734375 0.148438 0.070312
0 0.869141 0.556641 0.097656 0.136719
0 0.914062 0.335938 0.117188 0.070312
1 0.640625 0.046875 0.125000 0.085938
1 0.576172 0.226562 0.144531 0.148438
1 0.548828 0.697266 0.160156 0.097656
1 0.523438 0.794922 0.132812 0.082031
