0 0.035156 0.279297 0.062500 0.128906
0 0.041016 0.324219 0.074219 0.117188
0 0.195312 0.767578 0.148438 0.050781
0 0.207031 0.802734 0.148438 0.050781
0 0.289062 0.673828 0.140625 0.074219
0 0.324219 0.722656 0.140625 0.070312
0 0.666016 0.876953 0.089844 0.105469
0 0.701172 0.871094 0.089844 0.109375
0 0.597656 0.619141 0.117188 0.058594
0 0.679688 0.589844 0.132812 0.054688
0 0.861328 0.453125 0.152344 0.054688
0 0.843750 0.490234 0.148438 0.058594
0 0.945312 0.525391 0.109375 0.058594
0 0.738281 0.287109 0.109375 0.167969
1 0.085938 0.152344 0.164062 0.187500
1 0.187500 0.238281 0.203125 0.085938
1 0.662109 0.634766 0.167969 0.074219
