0 0.107422 0.650391 0.136719 0.066406
0 0.669922 0.429688 0.113281 0.062500
0 0.748047 0.437500 0.113281 0.062500
0 0.710938 0.537109 0.109375 0.066406
0 0.759766 0.542969 0.082031 0.109375
1 0.556641 0.199219 0.183594 0.109375
1 0.396484 0.216797 0.191406 0.058594
1 0.388672 0.248047 0.175781 0.050781
1 0.765625 0.402344 0.148438 0.062500
1 0.785156 0.550781 0.093750 0.156250
1 0.126953 0.718750 0.160156 0.070312
1 0.193359 0.857422 0.128906 0.089844
1 0.068359 0.968750 0.128906 0.062500
1 0.662109 0.951172 0.136719 0.082031
