0 0.050781 0.357422 0.093750 0.105469
0 0.179688 0.625000 0.085938 0.085938
0 0.253906 0.650391 0.078125 0.113281
0 0.041016 0.789062 0.074219 0.101562
0 0.070312 0.781250 0.085938 0.101562
0 0.919922 0.232422 0.128906 0.089844
0 0.636719 0.564453 0.132812 0.066406
0 0.666016 0.589844 0.128906 0.062500
1 0.181641 0.021484 0.144531 0.035156
1 0.136719 0.033203 0.148438 0.058594
1 0.291016 0.039062 0.191406 0.070312
1 0.154297 0.478516 0.207031 0.089844
1 0.482422 0.464844 0.253906 0.070312
1 0.208984 0.636719 0.121094 0.164062
1 0.478516 0.890625 0.207031 0.078125
1 0.466797 0.916016 0.199219 0.066406
1 0.791016 0.441406 0.144531 0.109375
1 0.771484 0.460938 0.144531 0.101562
1 0.896484 0.951172 0.160156 0.066406
