0 0.052734 0.117188 0.082031 0.132812
0 0.238281 0.109375 0.117188 0.085938
0 0.160156 0.183594 0.093750 0.062500
0 0.224609 0.193359 0.097656 0.074219
0 0.441406 0.214844 0.109375 0.078125
0 0.646484 0.111328 0.121094 0.074219
0 0.851562 0.070312 0.117188 0.070312
0 0.917969 0.423828 0.132812 0.082031
0 0.646484 0.441406 0.105469 0.078125
0 0.513672 0.501953 0.097656 0.066406
0 0.574219 0.533203 0.093750 0.066406
0 0.302734 0.539062 0.113281 0.085938
0 0.126953 0.912109 0.113281 0.089844
1 0.035156 0.128906 0.062500 0.156250
