0 0.261719 0.146484 0.101562 0.074219
0 0.220703 0.197266 0.097656 0.066406
0 0.189453 0.580078 0.105469 0.089844
0 0.236328 0.683594 0.105469 0.070312
0 0.281250 0.728516 0.101562 0.066406
0 0.349609 0.941406 0.082031 0.117188
0 0.537109 0.962891 0.136719 0.074219
0 0.349609 0.578125 0.113281 0.085938
1 0.900391 0.023438 0.167969 0.039062
1 0.789062 0.046875 0.148438 0.085938
1 0.394531 0.207031 0.140625 0.101562
1 0.121094 0.509766 0.132812 0.097656
1 0.460938 0.621094 0.164062 0.085938
1 0.707031 0.865234 0.148438 0.105469
1 0.904297 0.867188 0.136719 0.125000
2 0.773438 0.441406 0.343750 0.296875
