0 0.820312 0.044922 0.117188 0.050781
0 0.255859 0.140625 0.113281 0.070312
0 0.230469 0.185547 0.101562 0.066406
0 0.138672 0.478516 0.105469 0.058594
0 0.117188 0.515625 0.101562 0.054688
0 0.191406 0.570312 0.117188 0.101562
0 0.250000 0.673828 0.117188 0.066406
0 0.275391 0.718750 0.113281 0.062500
0 0.355469 0.937500 0.093750 0.125000
0 0.689453 0.835938 0.105469 0.062500
0 0.724609 0.873047 0.105469 0.058594
0 0.884766 0.832031 0.113281 0.078125
0 0.931641 0.880859 0.113281 0.066406
0 0.496094 0.613281 0.109375 0.085938
0 0.429688 0.611328 0.109375 0.074219
1 0.396484 0.193359 0.175781 0.113281
1 0.812500 0.023438 0.187500 0.039062
1 0.353516 0.570312 0.128906 0.078125
1 0.539062 0.955078 0.156250 0.074219
2 0.775391 0.435547 0.347656 0.300781
