0 0.283203 0.511719 0.136719 0.062500
0 0.232422 0.531250 0.152344 0.070312
0 0.671875 0.533203 0.171875 0.058594
0 0.705078 0.570312 0.144531 0.054688
0 0.851562 0.904297 0.171875 0.050781
1 0.244141 0.291016 0.183594 0.058594
1 0.236328 0.322266 0.183594 0.066406
1 0.082031 0.478516 0.156250 0.097656
1 0.099609 0.498047 0.191406 0.113281
1 0.869141 0.939453 0.175781 0.058594
2 0.363281 0.865234 0.257812 0.269531
2 0.503906 0.496094 0.210938 0.210938
2 0.779297 0.423828 0.183594 0.183594
2 0.849609 0.250000 0.300781 0.492188
