0 0.537109 0.097656 0.121094 0.085938
0 0.474609 0.099609 0.113281 0.082031
0 0.849609 0.214844 0.113281 0.054688
0 0.925781 0.228516 0.101562 0.074219
0 0.154297 0.302734 0.097656 0.082031
0 0.232422 0.298828 0.121094 0.058594
0 0.585938 0.957031 0.140625 0.070312
1 0.371094 0.332031 0.164062 0.070312
1 0.808594 0.369141 0.171875 0.074219
1 0.052734 0.564453 0.097656 0.144531
1 0.837891 0.574219 0.082031 0.140625
1 0.373047 0.816406 0.175781 0.070312
1 0.837891 0.921875 0.167969 0.070312
1 0.316406 0.925781 0.195312 0.109375
1 0.330078 0.943359 0.167969 0.082031
1 0.835938 0.246094 0.140625 0.062500
