0 0.072266 0.064453 0.121094 0.066406
0 0.083984 0.240234 0.097656 0.082031
0 0.115234 0.232422 0.105469 0.097656
0 0.388672 0.304688 0.121094 0.078125
0 0.587891 0.460938 0.089844 0.085938
0 0.478516 0.738281 0.089844 0.093750
0 0.392578 0.859375 0.089844 0.101562
0 0.583984 0.880859 0.121094 0.097656
1 0.089844 0.099609 0.164062 0.066406
1 0.523438 0.355469 0.140625 0.078125
1 0.603516 0.402344 0.144531 0.054688
1 0.468750 0.527344 0.140625 0.062500
1 0.046875 0.861328 0.085938 0.105469
1 0.556641 0.896484 0.121094 0.097656
1 0.681641 0.820312 0.167969 0.093750
2 0.246094 0.808594 0.148438 0.140625
