0 0.177734 0.066406 0.089844 0.117188
0 0.179688 0.156250 0.117188 0.070312
0 0.292969 0.222656 0.070312 0.109375
0 0.335938 0.222656 0.101562 0.117188
0 0.644531 0.107422 0.101562 0.097656
0 0.230469 0.351562 0.148438 0.078125
0 0.519531 0.363281 0.085938 0.132812
0 0.867188 0.400391 0.093750 0.121094
0 0.783203 0.574219 0.082031 0.140625
0 0.947266 0.759766 0.105469 0.113281
0 0.673828 0.716797 0.082031 0.144531
0 0.316406 0.933594 0.125000 0.070312
1 0.308594 0.158203 0.109375 0.097656
1 0.656250 0.076172 0.140625 0.144531
1 0.847656 0.359375 0.093750 0.187500
1 0.341797 0.445312 0.144531 0.125000
1 0.796875 0.912109 0.085938 0.160156
1 0.597656 0.822266 0.101562 0.144531
1 0.279297 0.953125 0.128906 0.093750
