0 0.492188 0.335938 0.101562 0.195312
0 0.529297 0.501953 0.113281 0.191406
0 0.273438 0.662109 0.085938 0.136719
0 0.306641 0.648438 0.082031 0.140625
1 0.460938 0.335938 0.101562 0.195312
1 0.714844 0.457031 0.070312 0.187500
1 0.681641 0.468750 0.089844 0.210938
1 0.089844 0.517578 0.140625 0.167969
1 0.070312 0.529297 0.132812 0.167969
1 0.101562 0.730469 0.164062 0.109375
1 0.074219 0.742188 0.140625 0.101562
2 0.744141 0.791016 0.324219 0.238281
2 0.394531 0.083984 0.164062 0.160156
2 0.626953 0.099609 0.214844 0.191406
