0 0.423828 0.078125 0.089844 0.132812
0 0.068359 0.142578 0.074219 0.121094
0 0.113281 0.347656 0.078125 0.117188
0 0.441406 0.349609 0.085938 0.113281
0 0.531250 0.417969 0.078125 0.085938
0 0.501953 0.482422 0.066406 0.097656
0 0.212891 0.552734 0.082031 0.105469
0 0.113281 0.751953 0.093750 0.121094
0 0.189453 0.767578 0.074219 0.097656
0 0.181641 0.839844 0.074219 0.085938
0 0.117188 0.941406 0.140625 0.078125
0 0.539062 0.695312 0.093750 0.109375
0 0.912109 0.871094 0.097656 0.109375
1 0.130859 0.958984 0.144531 0.058594
