0 0.460938 0.187500 0.093750 0.093750
0 0.455078 0.240234 0.082031 0.089844
0 0.902344 0.488281 0.070312 0.125000
0 0.919922 0.546875 0.074219 0.117188
0 0.044922 0.687500 0.082031 0.132812
0 0.494141 0.845703 0.089844 0.144531
0 0.660156 0.744141 0.109375 0.097656
0 0.640625 0.804688 0.101562 0.085938
0 0.792969 0.937500 0.093750 0.125000
1 0.962891 0.119141 0.074219 0.167969
1 0.240234 0.064453 0.082031 0.121094
1 0.585938 0.345703 0.078125 0.152344
1 0.476562 0.498047 0.085938 0.160156
1 0.035156 0.851562 0.062500 0.171875
