0 0.953125 0.179688 0.062500 0.132812
0 0.542969 0.095703 0.078125 0.113281
0 0.486328 0.140625 0.089844 0.093750
0 0.107422 0.265625 0.066406 0.125000
0 0.134766 0.310547 0.066406 0.113281
0 0.333984 0.789062 0.105469 0.117188
0 0.359375 0.800781 0.101562 0.109375
1 0.095703 0.404297 0.144531 0.082031
1 0.064453 0.433594 0.121094 0.070312
1 0.072266 0.453125 0.136719 0.070312
1 0.605469 0.582031 0.156250 0.093750
1 0.560547 0.521484 0.160156 0.113281
1 0.539062 0.539062 0.148438 0.109375
2 0.792969 0.093750 0.273438 0.179688
2 0.193359 0.685547 0.214844 0.324219
