0 0.062500 0.224609 0.109375 0.128906
0 0.476562 0.490234 0.062500 0.128906
0 0.509766 0.460938 0.066406 0.125000
0 0.714844 0.363281 0.078125 0.140625
0 0.750000 0.380859 0.078125 0.136719
0 0.802734 0.666016 0.105469 0.136719
0 0.628906 0.699219 0.062500 0.117188
0 0.150391 0.718750 0.136719 0.101562
0 0.146484 0.755859 0.121094 0.089844
0 0.902344 0.916016 0.117188 0.136719
1 0.068359 0.257812 0.105469 0.140625
1 0.257812 0.468750 0.132812 0.148438
1 0.402344 0.423828 0.085938 0.191406
1 0.523438 0.324219 0.085938 0.195312
1 0.664062 0.714844 0.062500 0.148438
1 0.792969 0.632812 0.125000 0.140625
1 0.941406 0.914062 0.101562 0.132812
