0 0.605469 0.162109 0.085938 0.128906
0 0.623047 0.199219 0.089844 0.132812
0 0.476562 0.396484 0.070312 0.144531
0 0.505859 0.384766 0.074219 0.136719
0 0.064453 0.845703 0.066406 0.136719
0 0.097656 0.873047 0.062500 0.121094
0 0.376953 0.816406 0.074219 0.085938
0 0.373047 0.884766 0.066406 0.089844
1 0.527344 0.074219 0.140625 0.140625
1 0.748047 0.253906 0.089844 0.234375
1 0.933594 0.537109 0.062500 0.183594
1 0.966797 0.535156 0.058594 0.187500
1 0.585938 0.851562 0.062500 0.179688
1 0.255859 0.593750 0.058594 0.179688
1 0.287109 0.580078 0.058594 0.199219
1 0.392578 0.947266 0.058594 0.105469
2 0.076172 0.126953 0.144531 0.199219
2 0.285156 0.269531 0.320312 0.359375
2 0.843750 0.435547 0.289062 0.339844
