0 0.046875 0.171875 0.054688 0.125000
0 0.835938 0.089844 0.078125 0.140625
0 0.873047 0.076172 0.074219 0.128906
0 0.837891 0.292969 0.066406 0.132812
0 0.875000 0.277344 0.054688 0.125000
0 0.960938 0.429688 0.078125 0.101562
0 0.949219 0.478516 0.078125 0.105469
0 0.929688 0.634766 0.140625 0.105469
0 0.712891 0.722656 0.074219 0.125000
0 0.605469 0.511719 0.093750 0.125000
0 0.619141 0.554688 0.074219 0.125000
0 0.480469 0.859375 0.054688 0.125000
0 0.511719 0.867188 0.054688 0.109375
0 0.181641 0.751953 0.074219 0.113281
0 0.169922 0.623047 0.058594 0.121094
0 0.207031 0.583984 0.062500 0.136719
1 0.023438 0.158203 0.039062 0.230469
1 0.566406 0.625000 0.078125 0.164062
1 0.679688 0.730469 0.078125 0.140625
1 0.568359 0.818359 0.097656 0.136719
1 0.152344 0.744141 0.078125 0.136719
2 0.435547 0.208984 0.300781 0.371094
