0 0.359375 0.275391 0.093750 0.121094
0 0.369141 0.316406 0.097656 0.117188
0 0.039062 0.880859 0.070312 0.136719
0 0.478516 0.708984 0.097656 0.144531
0 0.574219 0.968750 0.101562 0.062500
0 0.884766 0.841797 0.121094 0.136719
1 0.236328 0.603516 0.105469 0.167969
1 0.261719 0.613281 0.101562 0.148438
1 0.507812 0.705078 0.101562 0.160156
1 0.109375 0.781250 0.109375 0.210938
1 0.621094 0.949219 0.187500 0.101562
1 0.892578 0.808594 0.121094 0.156250
2 0.568359 0.146484 0.269531 0.285156
2 0.714844 0.779297 0.250000 0.355469
