0 0.783203 0.269531 0.105469 0.117188
0 0.783203 0.326172 0.097656 0.121094
0 0.488281 0.462891 0.101562 0.105469
0 0.492188 0.533203 0.078125 0.105469
0 0.707031 0.492188 0.125000 0.117188
0 0.816406 0.587891 0.125000 0.113281
0 0.802734 0.914062 0.074219 0.101562
0 0.849609 0.937500 0.082031 0.101562
0 0.078125 0.855469 0.078125 0.132812
0 0.054688 0.921875 0.062500 0.132812
0 0.210938 0.888672 0.109375 0.121094
1 0.843750 0.390625 0.140625 0.164062
1 0.865234 0.410156 0.128906 0.156250
1 0.037109 0.898438 0.066406 0.164062
1 0.195312 0.871094 0.125000 0.140625
2 0.345703 0.484375 0.269531 0.398438
2 0.773438 0.728516 0.187500 0.207031
