0 0.589844 0.085938 0.085938 0.140625
0 0.634766 0.136719 0.066406 0.117188
0 0.650391 0.218750 0.066406 0.109375
0 0.380859 0.291016 0.082031 0.121094
0 0.119141 0.804688 0.082031 0.109375
0 0.666016 0.689453 0.097656 0.105469
0 0.720703 0.707031 0.089844 0.101562
0 0.603516 0.953125 0.097656 0.078125
0 0.789062 0.863281 0.085938 0.125000
0 0.904297 0.826172 0.097656 0.136719
0 0.046875 0.919922 0.062500 0.121094
1 0.501953 0.068359 0.074219 0.128906
1 0.265625 0.617188 0.125000 0.117188
1 0.507812 0.712891 0.125000 0.121094
