0 0.638672 0.107422 0.113281 0.113281
0 0.861328 0.392578 0.089844 0.152344
0 0.511719 0.355469 0.078125 0.140625
0 0.169922 0.066406 0.089844 0.125000
0 0.294922 0.146484 0.121094 0.105469
0 0.300781 0.423828 0.085938 0.097656
0 0.351562 0.460938 0.078125 0.101562
0 0.607422 0.787109 0.066406 0.097656
0 0.572266 0.839844 0.058594 0.101562
0 0.300781 0.927734 0.140625 0.082031
0 0.250000 0.939453 0.093750 0.082031
1 0.640625 0.080078 0.171875 0.152344
1 0.173828 0.152344 0.144531 0.070312
1 0.279297 0.224609 0.074219 0.121094
1 0.320312 0.228516 0.109375 0.128906
1 0.216797 0.347656 0.175781 0.070312
1 0.667969 0.714844 0.078125 0.164062
1 0.789062 0.914062 0.085938 0.171875
1 0.835938 0.353516 0.101562 0.214844
1 0.775391 0.568359 0.074219 0.160156
1 0.937500 0.755859 0.125000 0.121094
