0 0.964844 0.152344 0.070312 0.125000
0 0.441406 0.082031 0.085938 0.062500
0 0.189453 0.119141 0.105469 0.066406
0 0.140625 0.169922 0.093750 0.097656
0 0.203125 0.160156 0.101562 0.062500
0 0.042969 0.246094 0.078125 0.078125
0 0.507812 0.218750 0.101562 0.093750
0 0.597656 0.316406 0.093750 0.109375
0 0.593750 0.500000 0.085938 0.109375
0 0.566406 0.755859 0.078125 0.113281
0 0.880859 0.681641 0.113281 0.082031
1 0.457031 0.058594 0.125000 0.085938
1 0.333984 0.119141 0.136719 0.097656
1 0.429688 0.248047 0.078125 0.128906
1 0.507812 0.498047 0.078125 0.152344
1 0.355469 0.767578 0.085938 0.152344
1 0.533203 0.925781 0.074219 0.148438
1 0.847656 0.640625 0.093750 0.171875
