0 0.521484 0.117188 0.128906 0.117188
0 0.955078 0.187500 0.066406 0.101562
0 0.101562 0.406250 0.117188 0.078125
0 0.048828 0.433594 0.089844 0.085938
0 0.062500 0.447266 0.109375 0.074219
0 0.562500 0.529297 0.117188 0.097656
0 0.539062 0.546875 0.109375 0.093750
0 0.611328 0.580078 0.121094 0.074219
0 0.330078 0.794922 0.089844 0.097656
0 0.367188 0.792969 0.085938 0.093750
1 0.123047 0.283203 0.089844 0.152344
1 0.781250 0.072266 0.148438 0.066406
1 0.765625 0.095703 0.148438 0.058594
1 0.861328 0.078125 0.128906 0.148438
2 0.203125 0.693359 0.179688 0.316406
