0 0.197266 0.095703 0.082031 0.128906
0 0.509766 0.224609 0.121094 0.113281
0 0.908203 0.304688 0.089844 0.101562
0 0.289062 0.373047 0.093750 0.113281
0 0.548828 0.556641 0.074219 0.121094
0 0.648438 0.691406 0.078125 0.148438
0 0.253906 0.787109 0.070312 0.136719
0 0.097656 0.683594 0.117188 0.054688
1 0.933594 0.384766 0.093750 0.113281
1 0.953125 0.392578 0.093750 0.121094
1 0.044922 0.556641 0.082031 0.183594
1 0.140625 0.650391 0.195312 0.058594
1 0.541016 0.914062 0.089844 0.148438
2 0.890625 0.779297 0.171875 0.292969
