0 0.796875 0.267578 0.093750 0.113281
0 0.783203 0.337891 0.089844 0.105469
0 0.714844 0.496094 0.109375 0.109375
0 0.830078 0.589844 0.113281 0.101562
0 0.080078 0.851562 0.066406 0.117188
0 0.041016 0.900391 0.074219 0.136719
0 0.060547 0.925781 0.066406 0.109375
0 0.199219 0.871094 0.109375 0.125000
0 0.212891 0.892578 0.097656 0.113281
1 0.851562 0.394531 0.117188 0.140625
1 0.867188 0.419922 0.117188 0.136719
1 0.500000 0.507812 0.085938 0.164062
1 0.833984 0.937500 0.121094 0.125000
2 0.353516 0.478516 0.261719 0.371094
2 0.777344 0.732422 0.148438 0.175781
