0 0.158203 0.099609 0.121094 0.074219
0 0.115234 0.156250 0.113281 0.101562
0 0.173828 0.148438 0.113281 0.070312
0 0.410156 0.064453 0.101562 0.066406
0 0.476562 0.199219 0.109375 0.101562
0 0.937500 0.130859 0.085938 0.152344
0 0.568359 0.302734 0.097656 0.128906
0 0.564453 0.484375 0.082031 0.117188
0 0.541016 0.742188 0.074219 0.132812
0 0.828125 0.595703 0.062500 0.121094
0 0.832031 0.652344 0.109375 0.078125
0 0.974609 0.625000 0.050781 0.109375
0 0.953125 0.677734 0.062500 0.105469
1 0.429688 0.046875 0.140625 0.085938
1 0.308594 0.101562 0.156250 0.093750
1 0.402344 0.230469 0.078125 0.140625
1 0.476562 0.482422 0.078125 0.152344
1 0.328125 0.755859 0.085938 0.175781
1 0.507812 0.912109 0.078125 0.175781
1 0.853516 0.671875 0.121094 0.093750
