0 0.578125 0.144531 0.117188 0.085938
1 0.560547 0.162109 0.128906 0.097656
1 0.544922 0.939453 0.113281 0.121094
1 0.580078 0.941406 0.113281 0.117188
1 0.371094 0.173828 0.093750 0.144531
1 0.353516 0.197266 0.089844 0.144531
1 0.921875 0.142578 0.070312 0.144531
1 0.898438 0.167969 0.078125 0.156250
1 0.078125 0.486328 0.125000 0.207031
1 0.101562 0.503906 0.109375 0.195312
1 0.970703 0.402344 0.058594 0.203125
1 0.949219 0.398438 0.101562 0.265625
2 0.871094 0.656250 0.257812 0.281250
2 0.304688 0.714844 0.148438 0.359375
2 0.224609 0.128906 0.144531 0.250000
