0 0.222656 0.449219 0.078125 0.125000
0 0.269531 0.474609 0.093750 0.128906
0 0.390625 0.451172 0.078125 0.144531
0 0.410156 0.419922 0.070312 0.152344
1 0.054688 0.234375 0.101562 0.179688
1 0.068359 0.251953 0.121094 0.183594
1 0.132812 0.732422 0.156250 0.128906
1 0.146484 0.753906 0.144531 0.117188
1 0.710938 0.373047 0.093750 0.183594
1 0.744141 0.376953 0.097656 0.183594
1 0.623047 0.710938 0.066406 0.156250
1 0.650391 0.708984 0.074219 0.183594
1 0.789062 0.634766 0.140625 0.183594
1 0.804688 0.658203 0.132812 0.167969
1 0.904297 0.904297 0.144531 0.167969
1 0.925781 0.916016 0.125000 0.152344
2 0.496094 0.392578 0.140625 0.332031
