0 0.441406 0.246094 0.070312 0.109375
0 0.429688 0.326172 0.062500 0.105469
0 0.542969 0.236328 0.117188 0.074219
0 0.539062 0.283203 0.070312 0.105469
0 0.648438 0.886719 0.070312 0.132812
1 0.404297 0.222656 0.074219 0.140625
1 0.552734 0.205078 0.167969 0.089844
1 0.947266 0.332031 0.082031 0.140625
1 0.199219 0.437500 0.117188 0.187500
1 0.216797 0.595703 0.066406 0.183594
1 0.246094 0.605469 0.054688 0.164062
1 0.718750 0.867188 0.085938 0.164062
1 0.859375 0.800781 0.093750 0.132812
1 0.962891 0.931641 0.074219 0.136719
