0 0.080078 0.144531 0.105469 0.125000
0 0.244141 0.195312 0.128906 0.085938
0 0.376953 0.236328 0.097656 0.128906
0 0.636719 0.187500 0.085938 0.140625
0 0.759766 0.248047 0.074219 0.128906
0 0.406250 0.378906 0.078125 0.125000
0 0.505859 0.390625 0.105469 0.125000
0 0.941406 0.322266 0.078125 0.113281
0 0.935547 0.408203 0.082031 0.113281
0 0.826172 0.492188 0.097656 0.132812
0 0.601562 0.826172 0.070312 0.097656
1 0.066406 0.125000 0.109375 0.125000
1 0.236328 0.167969 0.160156 0.101562
1 0.542969 0.070312 0.109375 0.132812
1 0.798828 0.482422 0.097656 0.136719
1 0.957031 0.548828 0.085938 0.160156
1 0.285156 0.583984 0.093750 0.167969
1 0.097656 0.863281 0.101562 0.132812
