0 0.039062 0.121094 0.070312 0.140625
0 0.500000 0.414062 0.062500 0.117188
0 0.464844 0.449219 0.062500 0.125000
0 0.179688 0.535156 0.093750 0.132812
0 0.148438 0.761719 0.093750 0.117188
0 0.152344 0.810547 0.078125 0.105469
0 0.503906 0.675781 0.109375 0.132812
0 0.849609 0.935547 0.089844 0.097656
1 0.388672 0.076172 0.097656 0.144531
1 0.408203 0.330078 0.089844 0.136719
1 0.082031 0.332031 0.085938 0.148438
1 0.087891 0.738281 0.097656 0.148438
1 0.871094 0.859375 0.109375 0.140625
1 0.873047 0.929688 0.105469 0.109375
2 0.103516 0.927734 0.199219 0.121094
