0 0.046875 0.171875 0.054688 0.109375
0 0.880859 0.068359 0.066406 0.105469
0 0.830078 0.107422 0.074219 0.105469
0 0.876953 0.267578 0.058594 0.105469
0 0.839844 0.302734 0.062500 0.105469
0 0.935547 0.642578 0.128906 0.089844
0 0.482422 0.853516 0.058594 0.097656
0 0.517578 0.878906 0.058594 0.101562
0 0.570312 0.804688 0.101562 0.109375
0 0.677734 0.746094 0.074219 0.109375
0 0.718750 0.716797 0.062500 0.113281
0 0.140625 0.730469 0.070312 0.125000
0 0.187500 0.763672 0.078125 0.097656
0 0.611328 0.500000 0.089844 0.109375
0 0.609375 0.564453 0.078125 0.097656
1 0.570312 0.642578 0.085938 0.121094
1 0.025391 0.175781 0.042969 0.171875
1 0.195312 0.601562 0.109375 0.156250
1 0.953125 0.455078 0.070312 0.152344
2 0.435547 0.218750 0.316406 0.343750
