0 0.224609 0.062500 0.074219 0.101562
0 0.216797 0.140625 0.058594 0.109375
0 0.958984 0.408203 0.082031 0.152344
0 0.300781 0.757812 0.070312 0.125000
0 0.302734 0.839844 0.082031 0.101562
0 0.099609 0.460938 0.089844 0.125000
0 0.099609 0.521484 0.089844 0.113281
1 0.246094 0.158203 0.062500 0.136719
1 0.371094 0.183594 0.078125 0.171875
1 0.574219 0.154297 0.156250 0.089844
1 0.917969 0.158203 0.085938 0.167969
1 0.816406 0.617188 0.078125 0.179688
1 0.333984 0.626953 0.089844 0.160156
1 0.568359 0.943359 0.136719 0.113281
1 0.927734 0.671875 0.113281 0.203125
1 0.945312 0.660156 0.093750 0.171875
