0 0.626953 0.128906 0.066406 0.132812
0 0.646484 0.208984 0.066406 0.128906
0 0.234375 0.636719 0.085938 0.085938
0 0.285156 0.593750 0.078125 0.093750
0 0.666016 0.693359 0.105469 0.121094
0 0.710938 0.701172 0.093750 0.105469
0 0.785156 0.863281 0.085938 0.140625
0 0.603516 0.953125 0.113281 0.070312
0 0.044922 0.925781 0.066406 0.125000
0 0.113281 0.800781 0.085938 0.117188
1 0.498047 0.072266 0.089844 0.136719
1 0.583984 0.091797 0.089844 0.152344
1 0.376953 0.289062 0.082031 0.132812
1 0.503906 0.710938 0.132812 0.132812
1 0.894531 0.822266 0.101562 0.160156
