0 0.232422 0.070312 0.097656 0.125000
0 0.564453 0.357422 0.074219 0.136719
0 0.589844 0.324219 0.078125 0.132812
0 0.650391 0.738281 0.121094 0.078125
0 0.625000 0.818359 0.101562 0.082031
0 0.785156 0.921875 0.117188 0.085938
0 0.791016 0.957031 0.105469 0.085938
0 0.357422 0.945312 0.113281 0.109375
1 0.441406 0.207031 0.109375 0.140625
1 0.458984 0.218750 0.113281 0.140625
1 0.955078 0.097656 0.066406 0.164062
1 0.462891 0.509766 0.089844 0.253906
1 0.888672 0.517578 0.082031 0.207031
1 0.914062 0.527344 0.070312 0.203125
1 0.634766 0.783203 0.167969 0.121094
1 0.480469 0.841797 0.093750 0.222656
1 0.039062 0.701172 0.070312 0.199219
1 0.023438 0.808594 0.039062 0.148438
1 0.035156 0.857422 0.062500 0.152344
