0 0.449219 0.197266 0.101562 0.105469
0 0.460938 0.232422 0.093750 0.105469
0 0.593750 0.310547 0.070312 0.105469
0 0.576172 0.373047 0.066406 0.113281
0 0.916016 0.535156 0.074219 0.156250
0 0.044922 0.685547 0.082031 0.160156
0 0.025391 0.802734 0.042969 0.121094
0 0.033203 0.876953 0.058594 0.128906
0 0.644531 0.796875 0.117188 0.109375
1 0.238281 0.072266 0.093750 0.136719
1 0.957031 0.128906 0.085938 0.203125
1 0.894531 0.507812 0.078125 0.164062
1 0.466797 0.503906 0.074219 0.203125
1 0.484375 0.841797 0.085938 0.175781
1 0.638672 0.761719 0.136719 0.117188
1 0.369141 0.943359 0.121094 0.113281
1 0.792969 0.937500 0.117188 0.125000
