0 0.373047 0.261719 0.089844 0.093750
0 0.367188 0.326172 0.078125 0.097656
0 0.234375 0.623047 0.085938 0.121094
0 0.271484 0.607422 0.082031 0.113281
0 0.474609 0.722656 0.074219 0.117188
0 0.519531 0.687500 0.085938 0.117188
0 0.701172 0.691406 0.105469 0.125000
0 0.888672 0.798828 0.089844 0.113281
0 0.902344 0.855469 0.109375 0.101562
1 0.111328 0.798828 0.089844 0.152344
1 0.044922 0.925781 0.074219 0.148438
1 0.611328 0.958984 0.136719 0.082031
1 0.785156 0.863281 0.109375 0.171875
1 0.675781 0.703125 0.125000 0.156250
2 0.568359 0.144531 0.253906 0.281250
