0 0.089844 0.062500 0.078125 0.085938
0 0.337891 0.080078 0.082031 0.121094
0 0.556641 0.125000 0.136719 0.093750
0 0.734375 0.298828 0.078125 0.144531
0 0.078125 0.759766 0.085938 0.128906
0 0.091797 0.806641 0.074219 0.113281
0 0.455078 0.703125 0.066406 0.101562
0 0.365234 0.554688 0.082031 0.117188
0 0.392578 0.642578 0.066406 0.113281
0 0.351562 0.662109 0.070312 0.113281
1 0.052734 0.351562 0.097656 0.117188
1 0.224609 0.419922 0.160156 0.136719
1 0.693359 0.439453 0.105469 0.152344
1 0.792969 0.462891 0.093750 0.136719
