0 0.189453 0.068359 0.105469 0.121094
0 0.271484 0.343750 0.097656 0.093750
0 0.273438 0.384766 0.101562 0.097656
0 0.527344 0.513672 0.078125 0.128906
0 0.533203 0.587891 0.082031 0.121094
0 0.644531 0.660156 0.062500 0.148438
0 0.224609 0.759766 0.082031 0.136719
1 0.181641 0.103516 0.105469 0.121094
1 0.472656 0.228516 0.093750 0.144531
1 0.507812 0.222656 0.101562 0.156250
1 0.621094 0.685547 0.070312 0.152344
1 0.246094 0.787109 0.078125 0.136719
1 0.513672 0.904297 0.136719 0.167969
1 0.529297 0.927734 0.097656 0.128906
2 0.923828 0.074219 0.152344 0.140625
2 0.902344 0.353516 0.195312 0.300781
2 0.861328 0.767578 0.238281 0.378906
2 0.136719 0.587891 0.265625 0.285156
