0 0.462891 0.406250 0.097656 0.101562
0 0.302734 0.603516 0.089844 0.128906
0 0.738281 0.513672 0.101562 0.097656
0 0.857422 0.603516 0.105469 0.097656
0 0.878906 0.404297 0.109375 0.121094
0 0.230469 0.880859 0.101562 0.105469
0 0.238281 0.914062 0.085938 0.101562
0 0.064453 0.925781 0.066406 0.125000
1 0.816406 0.316406 0.101562 0.171875
1 0.894531 0.437500 0.109375 0.125000
1 0.400391 0.388672 0.066406 0.160156
1 0.355469 0.472656 0.093750 0.140625
1 0.531250 0.521484 0.078125 0.152344
1 0.095703 0.902344 0.074219 0.171875
1 0.861328 0.949219 0.121094 0.101562
2 0.806641 0.746094 0.160156 0.148438
