0 0.226562 0.144531 0.054688 0.101562
0 0.376953 0.195312 0.074219 0.140625
0 0.962891 0.414062 0.074219 0.132812
0 0.824219 0.632812 0.078125 0.164062
0 0.113281 0.455078 0.078125 0.113281
0 0.101562 0.535156 0.093750 0.101562
0 0.570312 0.949219 0.117188 0.101562
1 0.242188 0.121094 0.078125 0.187500
1 0.582031 0.156250 0.140625 0.078125
1 0.923828 0.158203 0.074219 0.152344
1 0.955078 0.664062 0.089844 0.156250
1 0.933594 0.681641 0.101562 0.167969
1 0.337891 0.628906 0.082031 0.148438
1 0.306641 0.806641 0.074219 0.183594
