0 0.529297 0.046875 0.113281 0.085938
0 0.533203 0.076172 0.113281 0.121094
0 0.623047 0.144531 0.066406 0.117188
0 0.619141 0.222656 0.082031 0.101562
0 0.476562 0.406250 0.062500 0.117188
0 0.513672 0.376953 0.066406 0.113281
0 0.259766 0.595703 0.058594 0.136719
0 0.289062 0.568359 0.062500 0.152344
0 0.070312 0.841797 0.062500 0.113281
0 0.099609 0.882812 0.066406 0.101562
0 0.384766 0.890625 0.058594 0.132812
0 0.589844 0.841797 0.062500 0.144531
0 0.970703 0.525391 0.058594 0.144531
0 0.939453 0.556641 0.058594 0.144531
1 0.750000 0.248047 0.078125 0.183594
1 0.916016 0.351562 0.105469 0.164062
1 0.931641 0.378906 0.105469 0.171875
2 0.800781 0.490234 0.179688 0.214844
2 0.285156 0.279297 0.296875 0.363281
2 0.074219 0.128906 0.140625 0.171875
