0 0.111328 0.156250 0.097656 0.101562
0 0.279297 0.208984 0.121094 0.074219
0 0.404297 0.248047 0.089844 0.113281
0 0.662109 0.203125 0.082031 0.117188
0 0.789062 0.263672 0.078125 0.121094
0 0.855469 0.503906 0.085938 0.117188
0 0.435547 0.392578 0.082031 0.113281
0 0.531250 0.406250 0.101562 0.109375
0 0.128906 0.878906 0.093750 0.117188
1 0.091797 0.140625 0.105469 0.109375
1 0.261719 0.183594 0.140625 0.093750
1 0.572266 0.074219 0.082031 0.132812
1 0.962891 0.380859 0.074219 0.175781
1 0.828125 0.498047 0.093750 0.128906
1 0.312500 0.595703 0.093750 0.152344
1 0.613281 0.875000 0.085938 0.132812
