0 0.396484 0.070312 0.097656 0.132812
0 0.046875 0.130859 0.078125 0.128906
0 0.085938 0.335938 0.078125 0.140625
0 0.416016 0.330078 0.089844 0.128906
0 0.503906 0.408203 0.070312 0.105469
0 0.472656 0.460938 0.062500 0.109375
0 0.183594 0.537109 0.085938 0.121094
0 0.091797 0.740234 0.097656 0.136719
0 0.158203 0.757812 0.089844 0.101562
0 0.156250 0.816406 0.078125 0.101562
0 0.513672 0.677734 0.097656 0.121094
0 0.882812 0.853516 0.101562 0.128906
0 0.855469 0.943359 0.085938 0.089844
1 0.093750 0.921875 0.156250 0.085938
1 0.105469 0.949219 0.164062 0.078125
