0 0.589844 0.130859 0.109375 0.105469
0 0.533203 0.126953 0.121094 0.113281
0 0.359375 0.080078 0.070312 0.113281
0 0.070312 0.738281 0.101562 0.109375
0 0.054688 0.814453 0.078125 0.121094
1 0.320312 0.074219 0.093750 0.140625
1 0.099609 0.056641 0.121094 0.105469
1 0.216797 0.402344 0.167969 0.109375
1 0.220703 0.433594 0.167969 0.109375
1 0.085938 0.792969 0.093750 0.179688
1 0.443359 0.707031 0.074219 0.148438
1 0.480469 0.705078 0.085938 0.136719
2 0.734375 0.382812 0.210938 0.328125
2 0.363281 0.607422 0.171875 0.300781
