0 0.835938 0.164062 0.062500 0.179688
0 0.923828 0.304688 0.152344 0.062500
0 0.968750 0.593750 0.062500 0.132812
0 0.957031 0.658203 0.070312 0.136719
0 0.666016 0.871094 0.066406 0.125000
0 0.703125 0.884766 0.070312 0.121094
1 0.265625 0.068359 0.125000 0.128906
1 0.361328 0.150391 0.066406 0.191406
1 0.396484 0.128906 0.058594 0.203125
1 0.433594 0.568359 0.085938 0.199219
1 0.457031 0.601562 0.101562 0.265625
1 0.802734 0.173828 0.066406 0.191406
1 0.935547 0.269531 0.128906 0.054688
1 0.871094 0.486328 0.093750 0.175781
1 0.892578 0.457031 0.097656 0.179688
