0 0.099609 0.058594 0.105469 0.093750
0 0.054688 0.330078 0.101562 0.097656
0 0.332031 0.070312 0.078125 0.132812
0 0.714844 0.386719 0.070312 0.117188
0 0.679688 0.462891 0.078125 0.113281
0 0.802734 0.449219 0.066406 0.109375
0 0.777344 0.488281 0.062500 0.093750
0 0.451172 0.712891 0.066406 0.121094
0 0.353516 0.658203 0.082031 0.136719
0 0.091797 0.800781 0.082031 0.140625
0 0.234375 0.396484 0.132812 0.089844
0 0.214844 0.441406 0.125000 0.085938
1 0.353516 0.060547 0.082031 0.113281
1 0.560547 0.130859 0.183594 0.113281
1 0.730469 0.314453 0.070312 0.191406
1 0.371094 0.554688 0.109375 0.140625
1 0.384766 0.660156 0.089844 0.140625
1 0.072266 0.773438 0.097656 0.171875
