0 0.908203 0.144531 0.058594 0.179688
0 0.570312 0.287109 0.062500 0.144531
0 0.535156 0.322266 0.062500 0.167969
0 0.513672 0.708984 0.066406 0.136719
0 0.531250 0.763672 0.078125 0.144531
1 0.939453 0.123047 0.058594 0.175781
1 0.292969 0.748047 0.062500 0.191406
1 0.322266 0.755859 0.066406 0.191406
1 0.500000 0.896484 0.117188 0.207031
1 0.480469 0.914062 0.101562 0.171875
2 0.251953 0.146484 0.496094 0.285156
2 0.421875 0.208984 0.187500 0.183594
2 0.863281 0.634766 0.273438 0.246094
2 0.500000 0.490234 0.203125 0.199219
