0 0.066406 0.212891 0.093750 0.105469
0 0.062500 0.267578 0.085938 0.105469
0 0.521484 0.316406 0.074219 0.148438
0 0.710938 0.353516 0.078125 0.113281
0 0.757812 0.394531 0.070312 0.117188
0 0.804688 0.619141 0.101562 0.105469
0 0.796875 0.683594 0.093750 0.109375
0 0.628906 0.691406 0.062500 0.101562
0 0.664062 0.730469 0.062500 0.117188
0 0.951172 0.900391 0.074219 0.113281
0 0.898438 0.931641 0.101562 0.105469
0 0.144531 0.765625 0.101562 0.078125
0 0.162109 0.712891 0.097656 0.089844
0 0.263672 0.468750 0.121094 0.117188
0 0.406250 0.421875 0.085938 0.148438
1 0.496094 0.478516 0.101562 0.152344
