0 0.205078 0.076172 0.082031 0.105469
0 0.546875 0.382812 0.078125 0.125000
0 0.337891 0.177734 0.097656 0.097656
0 0.322266 0.234375 0.074219 0.101562
0 0.357422 0.228516 0.097656 0.097656
0 0.669922 0.121094 0.097656 0.093750
0 0.892578 0.417969 0.082031 0.109375
0 0.810547 0.583984 0.082031 0.121094
0 0.701172 0.730469 0.082031 0.125000
0 0.828125 0.923828 0.085938 0.136719
0 0.341797 0.953125 0.105469 0.070312
0 0.257812 0.365234 0.132812 0.082031
1 0.679688 0.085938 0.132812 0.132812
1 0.880859 0.375000 0.089844 0.156250
1 0.365234 0.466797 0.128906 0.113281
1 0.625000 0.837891 0.101562 0.121094
