0 0.464844 0.330078 0.085938 0.152344
0 0.496094 0.341797 0.078125 0.144531
0 0.712891 0.462891 0.066406 0.144531
0 0.101562 0.531250 0.117188 0.125000
0 0.078125 0.541016 0.125000 0.121094
0 0.062500 0.732422 0.109375 0.089844
0 0.125000 0.738281 0.125000 0.101562
0 0.271484 0.681641 0.082031 0.113281
0 0.324219 0.628906 0.070312 0.117188
1 0.537109 0.509766 0.097656 0.152344
1 0.689453 0.480469 0.082031 0.156250
2 0.753906 0.792969 0.281250 0.210938
2 0.404297 0.074219 0.160156 0.140625
2 0.666016 0.089844 0.152344 0.171875
