0 0.539062 0.552734 0.070312 0.160156
0 0.644531 0.636719 0.062500 0.109375
0 0.636719 0.712891 0.062500 0.105469
0 0.246094 0.742188 0.070312 0.101562
0 0.246094 0.808594 0.078125 0.093750
0 0.527344 0.896484 0.093750 0.113281
0 0.531250 0.937500 0.085938 0.093750
1 0.195312 0.085938 0.101562 0.164062
1 0.500000 0.222656 0.148438 0.156250
1 0.279297 0.367188 0.097656 0.140625
1 0.925781 0.041016 0.125000 0.074219
2 0.921875 0.357422 0.156250 0.253906
2 0.873047 0.773438 0.199219 0.312500
2 0.125000 0.583984 0.242188 0.261719
