0 0.535156 0.054688 0.062500 0.101562
0 0.457031 0.119141 0.062500 0.121094
0 0.494141 0.166016 0.066406 0.121094
0 0.294922 0.253906 0.152344 0.093750
0 0.634766 0.322266 0.066406 0.128906
0 0.863281 0.275391 0.085938 0.089844
0 0.892578 0.339844 0.105469 0.078125
0 0.804688 0.771484 0.062500 0.113281
0 0.775391 0.814453 0.066406 0.113281
0 0.140625 0.921875 0.164062 0.125000
0 0.269531 0.957031 0.101562 0.070312
0 0.341797 0.958984 0.097656 0.082031
1 0.613281 0.351562 0.093750 0.164062
1 0.701172 0.685547 0.128906 0.175781
1 0.240234 0.789062 0.089844 0.171875
