0 0.939453 0.103516 0.066406 0.121094
0 0.919922 0.166016 0.066406 0.113281
0 0.378906 0.214844 0.062500 0.117188
0 0.406250 0.238281 0.070312 0.109375
0 0.478516 0.462891 0.082031 0.113281
0 0.462891 0.496094 0.082031 0.109375
0 0.304688 0.730469 0.054688 0.125000
0 0.328125 0.769531 0.062500 0.125000
0 0.494141 0.933594 0.097656 0.109375
0 0.505859 0.888672 0.089844 0.128906
1 0.462891 0.212891 0.113281 0.136719
1 0.558594 0.296875 0.109375 0.164062
1 0.552734 0.484375 0.097656 0.156250
1 0.531250 0.736328 0.078125 0.167969
2 0.876953 0.625000 0.246094 0.234375
2 0.273438 0.111328 0.460938 0.214844
