0 0.386719 0.205078 0.062500 0.097656
0 0.404297 0.246094 0.066406 0.093750
0 0.466797 0.199219 0.113281 0.101562
0 0.562500 0.300781 0.101562 0.140625
0 0.472656 0.453125 0.078125 0.101562
0 0.468750 0.503906 0.078125 0.101562
0 0.310547 0.724609 0.058594 0.113281
0 0.330078 0.775391 0.058594 0.113281
0 0.533203 0.740234 0.082031 0.144531
0 0.503906 0.882812 0.085938 0.117188
0 0.498047 0.939453 0.082031 0.097656
0 0.820312 0.589844 0.062500 0.132812
0 0.826172 0.648438 0.128906 0.085938
0 0.972656 0.630859 0.054688 0.121094
0 0.943359 0.666016 0.058594 0.128906
0 0.556641 0.482422 0.089844 0.136719
1 0.931641 0.132812 0.089844 0.164062
1 0.843750 0.666016 0.140625 0.105469
2 0.273438 0.109375 0.460938 0.210938
