0 0.548828 0.087891 0.105469 0.097656
0 0.751953 0.244141 0.082031 0.144531
0 0.927734 0.332031 0.089844 0.132812
0 0.939453 0.394531 0.089844 0.132812
0 0.970703 0.515625 0.058594 0.117188
0 0.947266 0.568359 0.066406 0.113281
0 0.593750 0.826172 0.070312 0.121094
0 0.263672 0.603516 0.058594 0.121094
0 0.291016 0.558594 0.058594 0.125000
0 0.070312 0.095703 0.101562 0.074219
0 0.046875 0.144531 0.085938 0.078125
0 0.257812 0.140625 0.117188 0.054688
0 0.205078 0.179688 0.113281 0.070312
0 0.402344 0.371094 0.078125 0.140625
1 0.076172 0.140625 0.128906 0.132812
1 0.242188 0.189453 0.156250 0.097656
1 0.367188 0.224609 0.101562 0.136719
1 0.628906 0.181641 0.078125 0.160156
1 0.501953 0.388672 0.113281 0.144531
1 0.792969 0.480469 0.117188 0.171875
1 0.820312 0.488281 0.109375 0.148438
1 0.091797 0.861328 0.097656 0.144531
1 0.396484 0.929688 0.066406 0.140625
