0 0.394531 0.074219 0.070312 0.125000
0 0.689453 0.105469 0.097656 0.117188
0 0.470703 0.312500 0.074219 0.101562
0 0.511719 0.365234 0.078125 0.097656
0 0.712891 0.443359 0.066406 0.105469
0 0.705078 0.507812 0.082031 0.101562
0 0.548828 0.515625 0.082031 0.117188
0 0.074219 0.531250 0.093750 0.085938
0 0.125000 0.548828 0.093750 0.089844
0 0.312500 0.654297 0.109375 0.105469
0 0.025391 0.644531 0.042969 0.140625
1 0.429688 0.052734 0.070312 0.097656
1 0.671875 0.068359 0.070312 0.128906
1 0.113281 0.742188 0.148438 0.078125
2 0.765625 0.798828 0.281250 0.191406
