0 0.894531 0.148438 0.062500 0.156250
0 0.593750 0.380859 0.085938 0.128906
0 0.605469 0.431641 0.093750 0.136719
0 0.718750 0.791016 0.109375 0.089844
0 0.771484 0.796875 0.097656 0.093750
1 0.388672 0.076172 0.128906 0.144531
1 0.667969 0.181641 0.062500 0.191406
1 0.699219 0.156250 0.062500 0.171875
1 0.863281 0.128906 0.062500 0.171875
1 0.111328 0.253906 0.097656 0.148438
1 0.089844 0.267578 0.093750 0.144531
1 0.218750 0.365234 0.062500 0.160156
1 0.253906 0.345703 0.062500 0.175781
2 0.457031 0.599609 0.195312 0.214844
