0 0.304688 0.433594 0.093750 0.125000
0 0.345703 0.449219 0.089844 0.125000
0 0.832031 0.398438 0.101562 0.156250
0 0.779297 0.535156 0.074219 0.109375
0 0.771484 0.601562 0.074219 0.109375
0 0.964844 0.761719 0.070312 0.109375
0 0.925781 0.744141 0.093750 0.105469
0 0.664062 0.681641 0.078125 0.121094
0 0.662109 0.759766 0.082031 0.113281
0 0.568359 0.824219 0.066406 0.132812
0 0.605469 0.804688 0.054688 0.125000
0 0.775391 0.937500 0.066406 0.125000
0 0.796875 0.888672 0.070312 0.128906
0 0.250000 0.949219 0.109375 0.101562
1 0.638672 0.105469 0.136719 0.148438
1 0.660156 0.097656 0.171875 0.187500
1 0.507812 0.353516 0.085938 0.183594
1 0.841797 0.306641 0.113281 0.152344
1 0.859375 0.376953 0.101562 0.199219
1 0.283203 0.916016 0.183594 0.105469
2 0.242188 0.203125 0.296875 0.390625
