0 0.892578 0.109375 0.121094 0.117188
0 0.603516 0.666016 0.097656 0.105469
0 0.611328 0.822266 0.089844 0.097656
0 0.230469 0.615234 0.093750 0.121094
0 0.353516 0.140625 0.066406 0.093750
0 0.396484 0.125000 0.082031 0.093750
0 0.396484 0.167969 0.082031 0.078125
0 0.521484 0.283203 0.105469 0.105469
1 0.035156 0.103516 0.062500 0.136719
1 0.060547 0.220703 0.097656 0.121094
1 0.468750 0.242188 0.085938 0.140625
1 0.570312 0.330078 0.085938 0.136719
1 0.890625 0.306641 0.109375 0.128906
1 0.650391 0.546875 0.082031 0.148438
1 0.201172 0.765625 0.121094 0.132812
1 0.537109 0.884766 0.105469 0.121094
1 0.732422 0.753906 0.121094 0.132812
