0 0.527344 0.054688 0.078125 0.101562
0 0.457031 0.130859 0.062500 0.152344
0 0.490234 0.152344 0.058594 0.148438
0 0.875000 0.291016 0.125000 0.089844
0 0.878906 0.326172 0.117188 0.089844
0 0.591797 0.308594 0.058594 0.125000
0 0.619141 0.396484 0.066406 0.113281
0 0.291016 0.253906 0.175781 0.117188
0 0.675781 0.705078 0.078125 0.136719
0 0.720703 0.667969 0.074219 0.148438
0 0.769531 0.802734 0.054688 0.152344
0 0.802734 0.783203 0.058594 0.152344
0 0.285156 0.960938 0.132812 0.078125
0 0.328125 0.958984 0.117188 0.082031
1 0.638672 0.328125 0.082031 0.171875
1 0.236328 0.806641 0.082031 0.214844
1 0.150391 0.900391 0.183594 0.167969
