0 0.421875 0.056641 0.070312 0.105469
0 0.685547 0.091797 0.097656 0.144531
0 0.464844 0.316406 0.070312 0.117188
0 0.501953 0.351562 0.074219 0.117188
0 0.712891 0.453125 0.066406 0.117188
0 0.693359 0.498047 0.082031 0.121094
0 0.544922 0.513672 0.097656 0.128906
0 0.072266 0.533203 0.097656 0.105469
0 0.111328 0.539062 0.097656 0.101562
1 0.302734 0.652344 0.121094 0.125000
1 0.103516 0.742188 0.175781 0.093750
1 0.380859 0.070312 0.066406 0.132812
1 0.664062 0.070312 0.093750 0.132812
2 0.753906 0.791016 0.281250 0.199219
