0 0.845703 0.363281 0.136719 0.109375
0 0.820312 0.425781 0.117188 0.109375
0 0.216797 0.833984 0.113281 0.082031
0 0.162109 0.908203 0.089844 0.113281
0 0.800781 0.921875 0.070312 0.117188
0 0.837891 0.927734 0.082031 0.128906
1 0.769531 0.283203 0.117188 0.152344
1 0.783203 0.314453 0.113281 0.160156
1 0.853516 0.412109 0.167969 0.207031
1 0.701172 0.490234 0.136719 0.144531
1 0.210938 0.896484 0.125000 0.152344
2 0.378906 0.478516 0.351562 0.410156
2 0.787109 0.677734 0.199219 0.324219
2 0.060547 0.886719 0.113281 0.226562
