0 0.154297 0.728516 0.074219 0.097656
0 0.199219 0.769531 0.070312 0.093750
0 0.582031 0.806641 0.101562 0.105469
0 0.681641 0.753906 0.074219 0.093750
0 0.728516 0.714844 0.066406 0.101562
0 0.943359 0.642578 0.113281 0.082031
0 0.960938 0.458984 0.078125 0.128906
0 0.576172 0.646484 0.082031 0.113281
1 0.025391 0.093750 0.042969 0.164062
1 0.044922 0.203125 0.082031 0.148438
1 0.859375 0.089844 0.125000 0.132812
1 0.867188 0.292969 0.109375 0.132812
1 0.207031 0.601562 0.101562 0.125000
1 0.623047 0.535156 0.074219 0.164062
1 0.509766 0.873047 0.105469 0.136719
2 0.449219 0.224609 0.304688 0.339844
