0 0.375000 0.158203 0.093750 0.113281
0 0.367188 0.208984 0.078125 0.121094
0 0.587891 0.148438 0.105469 0.085938
0 0.554688 0.156250 0.101562 0.085938
0 0.923828 0.130859 0.074219 0.121094
0 0.908203 0.177734 0.074219 0.121094
0 0.820312 0.591797 0.085938 0.128906
0 0.806641 0.642578 0.082031 0.128906
0 0.539062 0.931641 0.093750 0.105469
0 0.306641 0.773438 0.089844 0.156250
0 0.294922 0.822266 0.097656 0.128906
0 0.085938 0.474609 0.101562 0.152344
0 0.103516 0.507812 0.097656 0.148438
1 0.328125 0.640625 0.078125 0.203125
1 0.968750 0.386719 0.054688 0.171875
1 0.955078 0.402344 0.089844 0.195312
2 0.228516 0.128906 0.128906 0.250000
2 0.927734 0.669922 0.144531 0.253906
