0 0.191406 0.544922 0.070312 0.105469
0 0.214844 0.501953 0.062500 0.105469
0 0.310547 0.533203 0.082031 0.113281
0 0.281250 0.601562 0.070312 0.117188
0 0.664062 0.925781 0.078125 0.148438
0 0.894531 0.935547 0.101562 0.097656
0 0.945312 0.664062 0.109375 0.085938
0 0.757812 0.595703 0.132812 0.089844
0 0.771484 0.550781 0.128906 0.085938
0 0.636719 0.333984 0.085938 0.136719
0 0.542969 0.281250 0.070312 0.132812
0 0.902344 0.191406 0.085938 0.132812
1 0.259766 0.677734 0.074219 0.191406
1 0.433594 0.867188 0.171875 0.109375
1 0.640625 0.937500 0.078125 0.125000
1 0.607422 0.326172 0.097656 0.144531
1 0.625000 0.441406 0.109375 0.132812
1 0.917969 0.216797 0.093750 0.160156
