0 0.160156 0.064453 0.085938 0.121094
0 0.191406 0.068359 0.070312 0.113281
0 0.775391 0.160156 0.105469 0.078125
0 0.830078 0.080078 0.082031 0.105469
0 0.146484 0.626953 0.121094 0.105469
0 0.171875 0.566406 0.109375 0.109375
1 0.291016 0.501953 0.144531 0.136719
1 0.207031 0.675781 0.101562 0.148438
1 0.218750 0.705078 0.109375 0.144531
1 0.132812 0.582031 0.156250 0.195312
1 0.783203 0.093750 0.128906 0.140625
2 0.207031 0.316406 0.210938 0.320312
2 0.621094 0.519531 0.367188 0.414062
2 0.939453 0.109375 0.121094 0.210938
