0 0.056641 0.349609 0.105469 0.089844
0 0.039062 0.539062 0.070312 0.125000
0 0.267578 0.285156 0.066406 0.101562
0 0.308594 0.238281 0.062500 0.101562
0 0.408203 0.189453 0.089844 0.097656
0 0.416016 0.349609 0.074219 0.113281
0 0.798828 0.220703 0.058594 0.097656
0 0.841797 0.261719 0.074219 0.093750
1 0.486328 0.121094 0.097656 0.140625
1 0.367188 0.462891 0.078125 0.167969
1 0.126953 0.703125 0.105469 0.140625
1 0.123047 0.902344 0.105469 0.132812
1 0.972656 0.904297 0.054688 0.160156
1 0.953125 0.787109 0.093750 0.144531
1 0.787109 0.390625 0.097656 0.132812
2 0.554688 0.771484 0.296875 0.339844
