0 0.039062 0.585938 0.070312 0.148438
0 0.769531 0.927734 0.078125 0.089844
0 0.775391 0.849609 0.058594 0.105469
0 0.892578 0.470703 0.089844 0.113281
0 0.890625 0.531250 0.085938 0.117188
0 0.693359 0.154297 0.082031 0.113281
0 0.691406 0.234375 0.070312 0.117188
1 0.427734 0.054688 0.144531 0.101562
1 0.177734 0.375000 0.089844 0.187500
1 0.662109 0.373047 0.089844 0.160156
1 0.048828 0.333984 0.089844 0.167969
1 0.068359 0.320312 0.113281 0.195312
1 0.076172 0.841797 0.074219 0.167969
1 0.421875 0.843750 0.148438 0.078125
1 0.621094 0.802734 0.078125 0.167969
1 0.744141 0.833984 0.066406 0.136719
