0 0.279297 0.542969 0.066406 0.109375
0 0.300781 0.498047 0.078125 0.113281
0 0.453125 0.482422 0.085938 0.121094
0 0.880859 0.453125 0.089844 0.101562
0 0.923828 0.457031 0.089844 0.101562
0 0.492188 0.638672 0.070312 0.105469
0 0.531250 0.677734 0.062500 0.113281
0 0.308594 0.902344 0.093750 0.140625
0 0.576172 0.939453 0.066406 0.097656
1 0.687500 0.341797 0.117188 0.128906
1 0.888672 0.253906 0.167969 0.093750
1 0.328125 0.925781 0.078125 0.132812
1 0.611328 0.931641 0.066406 0.136719
2 0.240234 0.197266 0.285156 0.207031
