0 0.025391 0.363281 0.042969 0.109375
0 0.052734 0.328125 0.058594 0.125000
0 0.166016 0.341797 0.128906 0.089844
0 0.175781 0.406250 0.062500 0.132812
0 0.496094 0.050781 0.078125 0.093750
0 0.492188 0.105469 0.078125 0.109375
0 0.458984 0.253906 0.082031 0.148438
0 0.658203 0.210938 0.066406 0.109375
0 0.681641 0.269531 0.058594 0.117188
0 0.435547 0.507812 0.089844 0.125000
0 0.521484 0.537109 0.074219 0.097656
0 0.527344 0.488281 0.070312 0.101562
0 0.427734 0.697266 0.097656 0.144531
0 0.525391 0.789062 0.105469 0.101562
0 0.587891 0.746094 0.058594 0.085938
0 0.607422 0.785156 0.058594 0.085938
1 0.144531 0.328125 0.132812 0.101562
1 0.062500 0.863281 0.085938 0.164062
2 0.722656 0.890625 0.460938 0.218750
