0 0.289062 0.484375 0.078125 0.101562
0 0.275391 0.546875 0.066406 0.101562
0 0.445312 0.480469 0.078125 0.109375
0 0.482422 0.628906 0.082031 0.101562
0 0.529297 0.683594 0.074219 0.101562
0 0.677734 0.337891 0.105469 0.113281
0 0.871094 0.439453 0.085938 0.089844
0 0.919922 0.460938 0.089844 0.085938
0 0.974609 0.351562 0.050781 0.132812
0 0.298828 0.892578 0.089844 0.113281
0 0.601562 0.919922 0.062500 0.113281
1 0.882812 0.250000 0.156250 0.085938
1 0.322266 0.929688 0.066406 0.132812
1 0.560547 0.949219 0.074219 0.101562
2 0.228516 0.195312 0.285156 0.187500
