0 0.343750 0.304688 0.078125 0.132812
0 0.738281 0.208984 0.085938 0.128906
0 0.445312 0.441406 0.078125 0.117188
0 0.703125 0.623047 0.093750 0.105469
0 0.478516 0.769531 0.113281 0.109375
0 0.792969 0.894531 0.085938 0.125000
0 0.898438 0.308594 0.109375 0.054688
0 0.087891 0.689453 0.082031 0.105469
1 0.453125 0.078125 0.093750 0.148438
1 0.853516 0.343750 0.183594 0.062500
1 0.949219 0.439453 0.078125 0.183594
1 0.041016 0.601562 0.074219 0.125000
1 0.056641 0.609375 0.089844 0.109375
2 0.113281 0.214844 0.179688 0.289062
