0 0.390625 0.039062 0.109375 0.070312
0 0.210938 0.132812 0.093750 0.132812
0 0.283203 0.291016 0.082031 0.105469
0 0.328125 0.302734 0.093750 0.113281
0 0.707031 0.396484 0.078125 0.097656
0 0.759766 0.355469 0.074219 0.093750
0 0.875000 0.191406 0.078125 0.109375
0 0.951172 0.070312 0.066406 0.125000
0 0.343750 0.783203 0.062500 0.128906
0 0.369141 0.861328 0.058594 0.128906
1 0.097656 0.169922 0.093750 0.144531
1 0.490234 0.281250 0.128906 0.132812
1 0.613281 0.707031 0.078125 0.132812
1 0.408203 0.898438 0.089844 0.148438
1 0.492188 0.929688 0.078125 0.140625
