0 0.632812 0.189453 0.093750 0.113281
0 0.658203 0.203125 0.105469 0.117188
0 0.041016 0.814453 0.066406 0.128906
0 0.453125 0.898438 0.078125 0.101562
0 0.503906 0.847656 0.078125 0.093750
0 0.859375 0.681641 0.062500 0.113281
0 0.888672 0.728516 0.058594 0.121094
1 0.384766 0.410156 0.152344 0.085938
1 0.435547 0.472656 0.160156 0.109375
1 0.460938 0.455078 0.148438 0.105469
1 0.923828 0.539062 0.152344 0.054688
1 0.937500 0.560547 0.125000 0.058594
1 0.896484 0.585938 0.136719 0.085938
2 0.798828 0.310547 0.214844 0.324219
2 0.201172 0.906250 0.269531 0.187500
