0 0.458984 0.050781 0.082031 0.085938
0 0.462891 0.093750 0.089844 0.109375
0 0.357422 0.279297 0.066406 0.105469
0 0.347656 0.357422 0.062500 0.105469
0 0.455078 0.443359 0.074219 0.160156
0 0.748047 0.187500 0.074219 0.093750
0 0.750000 0.250000 0.070312 0.101562
1 0.712891 0.626953 0.089844 0.144531
1 0.492188 0.767578 0.140625 0.152344
1 0.800781 0.902344 0.093750 0.156250
1 0.068359 0.955078 0.128906 0.089844
2 0.078125 0.626953 0.148438 0.253906
2 0.117188 0.222656 0.203125 0.320312
2 0.871094 0.406250 0.257812 0.257812
