0 0.468750 0.488281 0.109375 0.187500
0 0.683594 0.343750 0.085938 0.140625
0 0.714844 0.328125 0.085938 0.140625
0 0.501953 0.658203 0.089844 0.191406
1 0.537109 0.652344 0.097656 0.187500
1 0.283203 0.533203 0.074219 0.175781
1 0.310547 0.523438 0.082031 0.203125
1 0.906250 0.472656 0.132812 0.156250
1 0.927734 0.458984 0.136719 0.167969
1 0.925781 0.246094 0.140625 0.101562
1 0.898438 0.261719 0.164062 0.109375
2 0.255859 0.203125 0.324219 0.242188
2 0.363281 0.896484 0.234375 0.207031
2 0.601562 0.914062 0.164062 0.171875
