0 0.345703 0.195312 0.113281 0.109375
0 0.076172 0.458984 0.066406 0.152344
0 0.400391 0.683594 0.066406 0.101562
0 0.419922 0.621094 0.066406 0.109375
0 0.533203 0.757812 0.089844 0.101562
0 0.541016 0.791016 0.089844 0.105469
0 0.955078 0.312500 0.089844 0.156250
0 0.962891 0.121094 0.074219 0.117188
0 0.972656 0.191406 0.054688 0.125000
1 0.205078 0.062500 0.121094 0.117188
1 0.349609 0.228516 0.128906 0.121094
1 0.509766 0.154297 0.097656 0.167969
1 0.625000 0.056641 0.125000 0.105469
1 0.523438 0.488281 0.085938 0.195312
1 0.097656 0.486328 0.070312 0.167969
1 0.042969 0.869141 0.078125 0.214844
1 0.755859 0.927734 0.097656 0.144531
