0 0.220703 0.195312 0.097656 0.101562
0 0.271484 0.201172 0.105469 0.089844
0 0.384766 0.556641 0.089844 0.128906
0 0.394531 0.611328 0.078125 0.128906
0 0.097656 0.841797 0.062500 0.160156
1 0.126953 0.859375 0.058594 0.179688
1 0.294922 0.835938 0.058594 0.171875
1 0.324219 0.808594 0.054688 0.187500
1 0.605469 0.921875 0.117188 0.156250
1 0.742188 0.646484 0.062500 0.167969
1 0.771484 0.625000 0.058594 0.164062
1 0.880859 0.738281 0.089844 0.148438
1 0.900391 0.722656 0.089844 0.140625
2 0.541016 0.396484 0.191406 0.222656
