0 0.035156 0.228516 0.062500 0.105469
0 0.070312 0.248047 0.078125 0.105469
0 0.197266 0.107422 0.066406 0.128906
0 0.220703 0.060547 0.066406 0.113281
0 0.328125 0.234375 0.070312 0.117188
0 0.330078 0.312500 0.074219 0.117188
0 0.386719 0.189453 0.062500 0.121094
0 0.425781 0.164062 0.054688 0.125000
0 0.746094 0.046875 0.109375 0.085938
0 0.224609 0.390625 0.066406 0.101562
0 0.216797 0.458984 0.066406 0.105469
0 0.162109 0.595703 0.089844 0.152344
0 0.648438 0.542969 0.078125 0.117188
0 0.691406 0.556641 0.078125 0.121094
1 0.714844 0.076172 0.179688 0.097656
1 0.134766 0.617188 0.097656 0.203125
1 0.148438 0.681641 0.101562 0.144531
1 0.486328 0.644531 0.082031 0.187500
1 0.361328 0.884766 0.128906 0.144531
1 0.335938 0.896484 0.164062 0.191406
2 0.761719 0.794922 0.312500 0.386719
