0 0.423828 0.027344 0.105469 0.046875
0 0.109375 0.150391 0.117188 0.128906
0 0.515625 0.283203 0.093750 0.144531
0 0.957031 0.111328 0.085938 0.128906
0 0.625000 0.675781 0.093750 0.117188
0 0.630859 0.714844 0.089844 0.117188
1 0.103516 0.179688 0.121094 0.148438
1 0.484375 0.289062 0.093750 0.156250
1 0.882812 0.212891 0.109375 0.191406
1 0.726562 0.378906 0.101562 0.148438
1 0.751953 0.388672 0.105469 0.152344
1 0.382812 0.042969 0.187500 0.078125
2 0.281250 0.214844 0.234375 0.351562
2 0.441406 0.857422 0.257812 0.285156
