0 0.025391 0.369141 0.042969 0.105469
0 0.041016 0.314453 0.058594 0.105469
0 0.158203 0.339844 0.105469 0.070312
0 0.166016 0.396484 0.058594 0.105469
0 0.453125 0.251953 0.070312 0.121094
0 0.423828 0.509766 0.089844 0.113281
0 0.419922 0.689453 0.089844 0.121094
0 0.056641 0.861328 0.089844 0.136719
0 0.515625 0.789062 0.109375 0.093750
0 0.583984 0.927734 0.097656 0.066406
0 0.816406 0.843750 0.109375 0.070312
0 0.837891 0.892578 0.121094 0.066406
0 0.875000 0.837891 0.109375 0.089844
1 0.488281 0.085938 0.078125 0.164062
1 0.666016 0.240234 0.089844 0.167969
1 0.142578 0.320312 0.121094 0.078125
1 0.517578 0.509766 0.074219 0.160156
1 0.589844 0.763672 0.070312 0.136719
1 0.570312 0.945312 0.140625 0.093750
1 0.683594 0.890625 0.148438 0.085938
