0 0.197266 0.060547 0.089844 0.113281
0 0.500000 0.148438 0.085938 0.140625
0 0.351562 0.185547 0.101562 0.082031
0 0.330078 0.242188 0.097656 0.093750
0 0.951172 0.308594 0.089844 0.125000
0 0.072266 0.441406 0.066406 0.117188
0 0.089844 0.503906 0.062500 0.117188
0 0.533203 0.750000 0.074219 0.085938
0 0.527344 0.808594 0.085938 0.078125
1 0.960938 0.146484 0.078125 0.160156
1 0.517578 0.498047 0.074219 0.152344
1 0.402344 0.652344 0.078125 0.148438
1 0.035156 0.869141 0.062500 0.160156
1 0.750000 0.937500 0.093750 0.125000
