0 0.083984 0.123047 0.097656 0.105469
0 0.451172 0.300781 0.097656 0.101562
0 0.460938 0.574219 0.078125 0.085938
0 0.492188 0.511719 0.078125 0.093750
0 0.552734 0.642578 0.082031 0.105469
0 0.568359 0.916016 0.082031 0.128906
0 0.921875 0.851562 0.070312 0.117188
0 0.884766 0.646484 0.082031 0.113281
0 0.777344 0.445312 0.078125 0.101562
0 0.882812 0.242188 0.085938 0.125000
0 0.810547 0.160156 0.074219 0.085938
0 0.800781 0.222656 0.078125 0.093750
0 0.875000 0.052734 0.132812 0.074219
1 0.867188 0.033203 0.156250 0.058594
