0 0.619141 0.109375 0.050781 0.101562
0 0.615234 0.177734 0.058594 0.089844
0 0.896484 0.121094 0.058594 0.132812
0 0.927734 0.144531 0.058594 0.125000
0 0.369141 0.794922 0.082031 0.128906
0 0.386719 0.828125 0.078125 0.132812
0 0.486328 0.605469 0.066406 0.132812
0 0.519531 0.595703 0.070312 0.136719
1 0.404297 0.140625 0.058594 0.164062
1 0.601562 0.050781 0.062500 0.093750
1 0.705078 0.412109 0.058594 0.199219
1 0.736328 0.398438 0.050781 0.171875
1 0.246094 0.748047 0.078125 0.222656
1 0.472656 0.921875 0.125000 0.148438
1 0.031250 0.460938 0.054688 0.171875
1 0.064453 0.455078 0.058594 0.183594
2 0.144531 0.558594 0.273438 0.351562
2 0.714844 0.724609 0.312500 0.355469
2 0.923828 0.865234 0.152344 0.191406
