0 0.419922 0.849609 0.113281 0.089844
1 0.031250 0.585938 0.054688 0.179688
1 0.052734 0.599609 0.097656 0.253906
1 0.070312 0.849609 0.070312 0.144531
1 0.091797 0.826172 0.074219 0.160156
1 0.435547 0.830078 0.128906 0.097656
1 0.625000 0.816406 0.093750 0.140625
1 0.640625 0.792969 0.085938 0.148438
1 0.457031 0.058594 0.101562 0.109375
1 0.416016 0.054688 0.105469 0.101562
1 0.892578 0.490234 0.105469 0.191406
1 0.912109 0.505859 0.113281 0.191406
2 0.126953 0.333984 0.246094 0.269531
2 0.685547 0.277344 0.160156 0.359375
2 0.761719 0.867188 0.132812 0.265625
