0 0.064453 0.355469 0.121094 0.101562
0 0.271484 0.279297 0.066406 0.113281
0 0.314453 0.248047 0.066406 0.105469
0 0.419922 0.187500 0.097656 0.109375
0 0.476562 0.111328 0.054688 0.105469
0 0.509766 0.140625 0.058594 0.093750
0 0.810547 0.230469 0.066406 0.109375
0 0.851562 0.257812 0.070312 0.117188
0 0.375000 0.494141 0.078125 0.097656
0 0.117188 0.724609 0.062500 0.105469
0 0.158203 0.689453 0.066406 0.097656
0 0.115234 0.931641 0.066406 0.105469
0 0.162109 0.884766 0.074219 0.105469
0 0.953125 0.820312 0.062500 0.109375
0 0.380859 0.429688 0.074219 0.101562
1 0.421875 0.347656 0.085938 0.117188
1 0.798828 0.390625 0.113281 0.164062
1 0.041016 0.539062 0.074219 0.164062
1 0.974609 0.814453 0.050781 0.167969
2 0.560547 0.777344 0.300781 0.343750
