0 0.089844 0.167969 0.109375 0.132812
0 0.201172 0.128906 0.082031 0.117188
0 0.392578 0.041016 0.097656 0.074219
0 0.275391 0.285156 0.074219 0.109375
0 0.330078 0.304688 0.089844 0.109375
0 0.867188 0.191406 0.093750 0.101562
0 0.943359 0.074219 0.066406 0.109375
0 0.343750 0.777344 0.062500 0.109375
0 0.359375 0.853516 0.062500 0.113281
0 0.400391 0.904297 0.082031 0.128906
0 0.605469 0.707031 0.078125 0.125000
1 0.482422 0.279297 0.121094 0.121094
1 0.728516 0.375000 0.121094 0.109375
1 0.484375 0.933594 0.085938 0.132812
