0 0.406250 0.861328 0.117188 0.105469
0 0.464844 0.867188 0.125000 0.109375
0 0.636719 0.912109 0.070312 0.105469
0 0.921875 0.253906 0.101562 0.101562
0 0.933594 0.177734 0.078125 0.121094
1 0.519531 0.271484 0.078125 0.152344
1 0.546875 0.275391 0.085938 0.152344
1 0.767578 0.554688 0.167969 0.101562
1 0.775391 0.587891 0.160156 0.105469
1 0.671875 0.923828 0.078125 0.152344
1 0.906250 0.195312 0.093750 0.171875
1 0.888672 0.941406 0.113281 0.117188
2 0.259766 0.609375 0.222656 0.351562
2 0.625000 0.382812 0.164062 0.304688
