0 0.345703 0.332031 0.066406 0.140625
0 0.765625 0.230469 0.078125 0.125000
0 0.457031 0.404297 0.078125 0.113281
0 0.458984 0.474609 0.058594 0.128906
0 0.716797 0.607422 0.097656 0.089844
0 0.716797 0.650391 0.089844 0.089844
0 0.804688 0.929688 0.093750 0.117188
1 0.460938 0.066406 0.101562 0.125000
1 0.478516 0.087891 0.121094 0.160156
1 0.369141 0.306641 0.074219 0.152344
1 0.746094 0.205078 0.078125 0.128906
1 0.482422 0.767578 0.097656 0.152344
1 0.517578 0.761719 0.089844 0.132812
1 0.814453 0.888672 0.097656 0.128906
2 0.136719 0.230469 0.242188 0.375000
2 0.097656 0.642578 0.187500 0.292969
2 0.078125 0.921875 0.148438 0.156250
2 0.865234 0.408203 0.269531 0.285156
