0 0.189453 0.210938 0.058594 0.132812
0 0.220703 0.191406 0.058594 0.140625
0 0.269531 0.324219 0.070312 0.148438
0 0.316406 0.285156 0.070312 0.140625
0 0.119141 0.666016 0.113281 0.082031
0 0.121094 0.699219 0.109375 0.085938
0 0.466797 0.947266 0.074219 0.105469
0 0.500000 0.841797 0.070312 0.144531
0 0.541016 0.865234 0.066406 0.144531
0 0.710938 0.740234 0.187500 0.113281
0 0.375000 0.595703 0.062500 0.113281
0 0.402344 0.679688 0.054688 0.125000
0 0.669922 0.041016 0.121094 0.074219
0 0.710938 0.035156 0.132812 0.062500
1 0.755859 0.189453 0.089844 0.207031
1 0.839844 0.087891 0.187500 0.160156
1 0.355469 0.664062 0.078125 0.164062
