0 0.039062 0.089844 0.062500 0.109375
0 0.093750 0.058594 0.085938 0.101562
0 0.197266 0.310547 0.082031 0.097656
0 0.189453 0.373047 0.089844 0.105469
0 0.328125 0.265625 0.062500 0.117188
0 0.365234 0.304688 0.066406 0.093750
0 0.240234 0.601562 0.074219 0.109375
0 0.283203 0.638672 0.074219 0.113281
0 0.472656 0.681641 0.070312 0.136719
0 0.591797 0.570312 0.082031 0.148438
0 0.853516 0.230469 0.097656 0.070312
0 0.835938 0.277344 0.093750 0.078125
0 0.738281 0.523438 0.101562 0.109375
0 0.929688 0.724609 0.085938 0.097656
0 0.921875 0.777344 0.078125 0.093750
1 0.496094 0.517578 0.101562 0.152344
