0 0.148438 0.052734 0.070312 0.097656
0 0.191406 0.074219 0.062500 0.093750
0 0.171875 0.404297 0.117188 0.105469
0 0.291016 0.500000 0.113281 0.109375
0 0.205078 0.669922 0.089844 0.121094
0 0.207031 0.718750 0.093750 0.109375
0 0.498047 0.458984 0.074219 0.097656
0 0.507812 0.533203 0.093750 0.097656
0 0.779297 0.099609 0.105469 0.113281
0 0.917969 0.136719 0.070312 0.117188
0 0.937500 0.068359 0.054688 0.121094
1 0.128906 0.580078 0.125000 0.152344
1 0.142578 0.601562 0.128906 0.156250
1 0.794922 0.119141 0.113281 0.136719
1 0.957031 0.095703 0.062500 0.152344
2 0.216797 0.267578 0.160156 0.183594
2 0.642578 0.515625 0.261719 0.390625
