0 0.867188 0.111328 0.093750 0.113281
0 0.138672 0.488281 0.082031 0.109375
0 0.205078 0.734375 0.074219 0.117188
0 0.328125 0.791016 0.078125 0.113281
0 0.458984 0.585938 0.089844 0.109375
0 0.560547 0.603516 0.074219 0.113281
0 0.589844 0.744141 0.085938 0.121094
0 0.714844 0.783203 0.101562 0.074219
0 0.875000 0.833984 0.085938 0.089844
1 0.376953 0.119141 0.082031 0.128906
1 0.035156 0.613281 0.062500 0.171875
1 0.160156 0.498047 0.085938 0.113281
1 0.419922 0.921875 0.089844 0.132812
1 0.728516 0.808594 0.128906 0.085938
1 0.896484 0.851562 0.097656 0.101562
1 0.677734 0.398438 0.089844 0.148438
