0 0.583984 0.574219 0.066406 0.140625
0 0.607422 0.541016 0.074219 0.144531
0 0.726562 0.519531 0.085938 0.132812
0 0.769531 0.542969 0.078125 0.117188
1 0.070312 0.080078 0.125000 0.152344
1 0.087891 0.083984 0.144531 0.152344
1 0.343750 0.283203 0.078125 0.175781
1 0.373047 0.281250 0.066406 0.148438
1 0.847656 0.240234 0.140625 0.113281
1 0.859375 0.257812 0.148438 0.117188
1 0.187500 0.335938 0.125000 0.164062
1 0.205078 0.353516 0.136719 0.175781
1 0.251953 0.619141 0.089844 0.183594
1 0.281250 0.617188 0.093750 0.179688
1 0.923828 0.740234 0.121094 0.183594
1 0.943359 0.757812 0.113281 0.164062
2 0.494141 0.603516 0.128906 0.332031
