0 0.900391 0.187500 0.082031 0.117188
0 0.912109 0.230469 0.082031 0.125000
0 0.537109 0.292969 0.074219 0.101562
0 0.638672 0.332031 0.074219 0.117188
0 0.603516 0.351562 0.058594 0.109375
0 0.625000 0.441406 0.093750 0.109375
0 0.259766 0.697266 0.082031 0.152344
0 0.433594 0.869141 0.140625 0.097656
0 0.656250 0.912109 0.085938 0.113281
0 0.900391 0.923828 0.074219 0.082031
1 0.197266 0.527344 0.082031 0.132812
1 0.294922 0.550781 0.105469 0.148438
1 0.763672 0.578125 0.152344 0.140625
1 0.945312 0.638672 0.109375 0.121094
