0 0.429688 0.240234 0.078125 0.113281
0 0.107422 0.308594 0.105469 0.085938
0 0.394531 0.496094 0.085938 0.109375
0 0.394531 0.677734 0.085938 0.105469
0 0.035156 0.841797 0.062500 0.121094
0 0.484375 0.779297 0.093750 0.089844
0 0.552734 0.908203 0.089844 0.058594
0 0.785156 0.832031 0.093750 0.062500
0 0.845703 0.824219 0.089844 0.093750
0 0.806641 0.873047 0.113281 0.066406
0 0.955078 0.751953 0.089844 0.074219
1 0.460938 0.072266 0.093750 0.136719
1 0.642578 0.228516 0.082031 0.160156
1 0.146484 0.351562 0.082031 0.171875
1 0.494141 0.500000 0.082031 0.140625
1 0.562500 0.746094 0.078125 0.125000
1 0.539062 0.935547 0.117188 0.082031
1 0.658203 0.875000 0.144531 0.085938
