0 0.384766 0.173828 0.097656 0.097656
0 0.386719 0.328125 0.085938 0.101562
0 0.099609 0.882812 0.121094 0.109375
0 0.759766 0.376953 0.105469 0.128906
0 0.601562 0.820312 0.078125 0.070312
0 0.597656 0.869141 0.070312 0.089844
0 0.636719 0.851562 0.062500 0.085938
0 0.476562 0.707031 0.101562 0.101562
1 0.458984 0.109375 0.097656 0.125000
1 0.792969 0.226562 0.109375 0.132812
1 0.261719 0.242188 0.109375 0.132812
1 0.347656 0.449219 0.093750 0.140625
1 0.105469 0.687500 0.101562 0.140625
1 0.427734 0.664062 0.089844 0.132812
1 0.527344 0.750000 0.085938 0.132812
1 0.927734 0.773438 0.097656 0.125000
1 0.957031 0.892578 0.070312 0.136719
