0 0.277344 0.529297 0.070312 0.136719
0 0.500000 0.650391 0.078125 0.144531
0 0.529297 0.660156 0.074219 0.148438
0 0.669922 0.363281 0.066406 0.109375
0 0.716797 0.314453 0.074219 0.105469
0 0.892578 0.460938 0.113281 0.117188
0 0.919922 0.451172 0.121094 0.121094
0 0.873047 0.255859 0.121094 0.097656
0 0.931641 0.261719 0.105469 0.085938
1 0.302734 0.511719 0.082031 0.156250
1 0.458984 0.482422 0.097656 0.144531
2 0.238281 0.203125 0.289062 0.210938
2 0.320312 0.906250 0.140625 0.187500
2 0.597656 0.923828 0.156250 0.152344
