0 0.050781 0.236328 0.093750 0.105469
0 0.208984 0.425781 0.074219 0.132812
0 0.318359 0.275391 0.082031 0.136719
0 0.683594 0.060547 0.125000 0.066406
0 0.474609 0.634766 0.074219 0.121094
0 0.126953 0.595703 0.082031 0.121094
0 0.353516 0.886719 0.097656 0.093750
0 0.658203 0.769531 0.105469 0.109375
0 0.697266 0.769531 0.058594 0.109375
0 0.816406 0.839844 0.125000 0.078125
0 0.818359 0.927734 0.082031 0.113281
0 0.765625 0.646484 0.140625 0.074219
1 0.197266 0.085938 0.082031 0.148438
1 0.394531 0.175781 0.093750 0.140625
1 0.146484 0.628906 0.089844 0.187500
1 0.660156 0.546875 0.140625 0.117188
1 0.339844 0.919922 0.132812 0.144531
1 0.689453 0.833984 0.097656 0.097656
1 0.710938 0.044922 0.125000 0.082031
