0 0.621094 0.199219 0.078125 0.093750
0 0.660156 0.193359 0.078125 0.089844
0 0.927734 0.542969 0.105469 0.070312
0 0.894531 0.587891 0.109375 0.074219
0 0.951172 0.558594 0.097656 0.070312
0 0.033203 0.802734 0.050781 0.113281
0 0.380859 0.410156 0.113281 0.070312
0 0.431641 0.462891 0.113281 0.097656
0 0.457031 0.447266 0.109375 0.089844
0 0.472656 0.876953 0.125000 0.113281
1 0.130859 0.916016 0.113281 0.144531
1 0.228516 0.896484 0.144531 0.058594
1 0.210938 0.921875 0.140625 0.062500
1 0.873047 0.708984 0.089844 0.144531
2 0.785156 0.300781 0.187500 0.304688
