0 0.343750 0.109375 0.078125 0.132812
0 0.449219 0.707031 0.070312 0.101562
0 0.447266 0.755859 0.105469 0.074219
0 0.554688 0.748047 0.062500 0.105469
0 0.562500 0.666016 0.054688 0.105469
1 0.035156 0.066406 0.062500 0.125000
1 0.134766 0.193359 0.089844 0.121094
1 0.277344 0.126953 0.085938 0.160156
1 0.044922 0.662109 0.082031 0.144531
1 0.439453 0.785156 0.160156 0.093750
1 0.589844 0.769531 0.062500 0.148438
1 0.789062 0.552734 0.109375 0.183594
1 0.744141 0.382812 0.058594 0.164062
1 0.773438 0.392578 0.062500 0.175781
