0 0.695312 0.064453 0.140625 0.074219
0 0.744141 0.046875 0.089844 0.085938
0 0.386719 0.205078 0.062500 0.097656
0 0.419922 0.156250 0.066406 0.101562
0 0.132812 0.601562 0.085938 0.148438
0 0.484375 0.642578 0.078125 0.144531
0 0.642578 0.533203 0.074219 0.105469
0 0.697266 0.568359 0.082031 0.097656
0 0.361328 0.890625 0.105469 0.109375
0 0.697266 0.843750 0.121094 0.101562
0 0.824219 0.923828 0.078125 0.121094
1 0.205078 0.087891 0.082031 0.167969
1 0.056641 0.238281 0.105469 0.117188
1 0.326172 0.283203 0.074219 0.160156
1 0.218750 0.427734 0.070312 0.144531
1 0.152344 0.638672 0.101562 0.207031
1 0.353516 0.917969 0.160156 0.164062
1 0.818359 0.835938 0.128906 0.070312
1 0.669922 0.759766 0.113281 0.128906
1 0.712891 0.769531 0.074219 0.117188
1 0.775391 0.646484 0.160156 0.074219
