0 0.488281 0.103516 0.085938 0.128906
0 0.501953 0.060547 0.082031 0.097656
0 0.660156 0.222656 0.062500 0.125000
0 0.687500 0.261719 0.054688 0.125000
0 0.533203 0.496094 0.082031 0.109375
0 0.521484 0.527344 0.074219 0.109375
0 0.076172 0.828125 0.066406 0.109375
0 0.050781 0.892578 0.062500 0.105469
0 0.583984 0.751953 0.058594 0.097656
0 0.615234 0.783203 0.066406 0.105469
1 0.464844 0.261719 0.078125 0.171875
1 0.437500 0.509766 0.093750 0.144531
1 0.429688 0.695312 0.109375 0.164062
1 0.535156 0.781250 0.117188 0.125000
2 0.123047 0.369141 0.238281 0.238281
2 0.722656 0.886719 0.453125 0.226562
