0 0.132812 0.388672 0.101562 0.089844
0 0.255859 0.482422 0.097656 0.089844
0 0.111328 0.582031 0.105469 0.117188
0 0.531250 0.589844 0.085938 0.085938
0 0.685547 0.390625 0.082031 0.132812
0 0.755859 0.078125 0.082031 0.093750
0 0.761719 0.111328 0.093750 0.097656
0 0.925781 0.066406 0.062500 0.117188
1 0.130859 0.048828 0.113281 0.089844
1 0.093750 0.554688 0.101562 0.117188
1 0.169922 0.677734 0.097656 0.167969
1 0.466797 0.472656 0.082031 0.140625
1 0.589844 0.605469 0.062500 0.148438
1 0.634766 0.523438 0.082031 0.132812
1 0.894531 0.089844 0.070312 0.164062
2 0.189453 0.250000 0.152344 0.156250
