0 0.093750 0.136719 0.101562 0.101562
0 0.107422 0.195312 0.089844 0.109375
0 0.294922 0.302734 0.097656 0.128906
0 0.468750 0.298828 0.085938 0.105469
0 0.517578 0.273438 0.074219 0.109375
0 0.720703 0.384766 0.082031 0.105469
0 0.759766 0.376953 0.074219 0.121094
0 0.626953 0.664062 0.074219 0.085938
0 0.617188 0.730469 0.070312 0.093750
1 0.210938 0.126953 0.101562 0.167969
1 0.388672 0.041016 0.136719 0.074219
1 0.951172 0.070312 0.074219 0.132812
1 0.876953 0.195312 0.089844 0.140625
1 0.322266 0.291016 0.113281 0.152344
2 0.429688 0.855469 0.257812 0.289062
