0 0.460938 0.060547 0.085938 0.113281
0 0.175781 0.398438 0.085938 0.125000
0 0.189453 0.349609 0.082031 0.128906
0 0.070312 0.865234 0.070312 0.121094
0 0.085938 0.814453 0.078125 0.121094
0 0.408203 0.843750 0.097656 0.085938
0 0.443359 0.835938 0.105469 0.085938
0 0.619141 0.835938 0.089844 0.109375
0 0.628906 0.781250 0.078125 0.125000
0 0.886719 0.484375 0.101562 0.148438
0 0.900391 0.517578 0.097656 0.144531
0 0.701172 0.171875 0.089844 0.125000
0 0.687500 0.218750 0.085938 0.148438
1 0.662109 0.355469 0.082031 0.203125
1 0.027344 0.605469 0.046875 0.171875
1 0.044922 0.593750 0.082031 0.187500
2 0.074219 0.314453 0.140625 0.253906
2 0.761719 0.869141 0.140625 0.261719
