0 0.160156 0.402344 0.109375 0.101562
0 0.283203 0.496094 0.105469 0.101562
0 0.207031 0.656250 0.085938 0.101562
0 0.193359 0.722656 0.082031 0.101562
0 0.777344 0.095703 0.085938 0.105469
0 0.791016 0.117188 0.097656 0.117188
0 0.917969 0.140625 0.070312 0.109375
0 0.927734 0.058594 0.066406 0.101562
0 0.951172 0.087891 0.066406 0.128906
1 0.158203 0.058594 0.121094 0.109375
1 0.125000 0.574219 0.109375 0.132812
1 0.138672 0.599609 0.113281 0.136719
1 0.492188 0.486328 0.078125 0.160156
2 0.212891 0.255859 0.152344 0.175781
2 0.636719 0.513672 0.250000 0.386719
