0 0.142578 0.056641 0.082031 0.097656
0 0.486328 0.318359 0.097656 0.128906
0 0.810547 0.457031 0.089844 0.125000
0 0.494141 0.582031 0.066406 0.109375
0 0.529297 0.542969 0.058594 0.125000
0 0.957031 0.871094 0.085938 0.140625
0 0.839844 0.179688 0.078125 0.093750
0 0.843750 0.230469 0.093750 0.109375
1 0.115234 0.060547 0.097656 0.105469
1 0.119141 0.132812 0.097656 0.125000
1 0.585938 0.666016 0.085938 0.136719
1 0.605469 0.927734 0.101562 0.144531
1 0.916016 0.662109 0.082031 0.144531
1 0.910156 0.255859 0.101562 0.152344
2 0.894531 0.066406 0.210938 0.117188
