0 0.082031 0.072266 0.101562 0.128906
0 0.191406 0.320312 0.101562 0.125000
0 0.367188 0.294922 0.054688 0.113281
0 0.242188 0.613281 0.070312 0.132812
0 0.283203 0.626953 0.066406 0.128906
0 0.484375 0.533203 0.062500 0.113281
0 0.513672 0.501953 0.058594 0.113281
0 0.843750 0.234375 0.109375 0.078125
0 0.843750 0.271484 0.117188 0.089844
0 0.929688 0.765625 0.093750 0.117188
1 0.048828 0.080078 0.089844 0.128906
1 0.199219 0.353516 0.109375 0.136719
1 0.332031 0.277344 0.062500 0.132812
1 0.474609 0.669922 0.082031 0.175781
1 0.589844 0.570312 0.078125 0.195312
1 0.740234 0.529297 0.136719 0.144531
1 0.921875 0.734375 0.101562 0.125000
