0 0.208984 0.039062 0.113281 0.070312
0 0.210938 0.074219 0.101562 0.085938
0 0.369141 0.177734 0.089844 0.082031
0 0.339844 0.253906 0.117188 0.070312
0 0.400391 0.671875 0.066406 0.132812
0 0.425781 0.632812 0.062500 0.132812
0 0.761719 0.921875 0.093750 0.125000
0 0.642578 0.052734 0.105469 0.097656
1 0.515625 0.150391 0.109375 0.230469
1 0.351562 0.205078 0.171875 0.113281
1 0.076172 0.468750 0.074219 0.203125
1 0.103516 0.472656 0.074219 0.203125
1 0.042969 0.896484 0.070312 0.167969
1 0.531250 0.769531 0.109375 0.140625
1 0.548828 0.787109 0.097656 0.128906
1 0.525391 0.486328 0.074219 0.246094
1 0.957031 0.289062 0.085938 0.195312
1 0.962891 0.134766 0.074219 0.144531
1 0.974609 0.185547 0.050781 0.144531
