0 0.652344 0.037109 0.101562 0.066406
0 0.720703 0.037109 0.097656 0.066406
0 0.845703 0.074219 0.152344 0.125000
0 0.189453 0.222656 0.066406 0.117188
0 0.218750 0.175781 0.062500 0.117188
0 0.101562 0.656250 0.085938 0.078125
0 0.128906 0.714844 0.078125 0.085938
0 0.359375 0.669922 0.062500 0.113281
0 0.703125 0.742188 0.140625 0.093750
0 0.501953 0.828125 0.066406 0.117188
0 0.533203 0.875000 0.058594 0.125000
0 0.458984 0.937500 0.066406 0.085938
1 0.291016 0.306641 0.144531 0.183594
1 0.753906 0.203125 0.093750 0.164062
1 0.380859 0.638672 0.089844 0.160156
