0 0.134766 0.050781 0.082031 0.085938
0 0.109375 0.138672 0.093750 0.113281
0 0.482422 0.316406 0.097656 0.117188
0 0.804688 0.455078 0.078125 0.113281
0 0.486328 0.583984 0.066406 0.097656
0 0.523438 0.533203 0.062500 0.121094
0 0.578125 0.662109 0.085938 0.121094
0 0.597656 0.927734 0.093750 0.144531
0 0.951172 0.869141 0.074219 0.121094
0 0.908203 0.656250 0.082031 0.125000
0 0.837891 0.177734 0.066406 0.097656
0 0.833984 0.230469 0.089844 0.101562
0 0.908203 0.250000 0.089844 0.125000
1 0.884766 0.042969 0.167969 0.078125
1 0.896484 0.068359 0.152344 0.082031
