0 0.460938 0.228516 0.070312 0.136719
0 0.480469 0.283203 0.062500 0.128906
0 0.423828 0.707031 0.058594 0.140625
0 0.458984 0.669922 0.058594 0.167969
0 0.085938 0.849609 0.054688 0.175781
1 0.515625 0.083984 0.101562 0.160156
1 0.496094 0.099609 0.109375 0.191406
1 0.669922 0.238281 0.066406 0.195312
1 0.697266 0.244141 0.066406 0.183594
1 0.054688 0.871094 0.054688 0.179688
2 0.142578 0.359375 0.277344 0.250000
2 0.498047 0.507812 0.214844 0.210938
2 0.576172 0.781250 0.183594 0.179688
2 0.742188 0.851562 0.515625 0.296875
