0 0.427734 0.050781 0.121094 0.093750
0 0.169922 0.365234 0.074219 0.160156
0 0.033203 0.580078 0.058594 0.121094
0 0.615234 0.804688 0.066406 0.140625
0 0.767578 0.847656 0.050781 0.093750
0 0.880859 0.539062 0.066406 0.109375
0 0.886719 0.455078 0.078125 0.097656
1 0.685547 0.195312 0.074219 0.179688
1 0.654297 0.371094 0.082031 0.140625
1 0.044922 0.326172 0.082031 0.144531
1 0.064453 0.312500 0.097656 0.164062
1 0.066406 0.833984 0.070312 0.144531
1 0.414062 0.837891 0.132812 0.082031
1 0.750000 0.869141 0.085938 0.183594
