0 0.064453 0.353516 0.121094 0.113281
0 0.281250 0.273438 0.070312 0.132812
0 0.482422 0.125000 0.050781 0.117188
0 0.513672 0.132812 0.058594 0.125000
0 0.814453 0.240234 0.066406 0.121094
0 0.787109 0.410156 0.058594 0.132812
0 0.820312 0.371094 0.054688 0.117188
0 0.046875 0.515625 0.078125 0.101562
0 0.039062 0.562500 0.070312 0.101562
0 0.121094 0.718750 0.054688 0.117188
0 0.156250 0.701172 0.062500 0.128906
0 0.121094 0.916016 0.070312 0.136719
0 0.158203 0.902344 0.074219 0.140625
0 0.947266 0.820312 0.058594 0.117188
0 0.375000 0.435547 0.078125 0.128906
0 0.386719 0.482422 0.085938 0.113281
1 0.843750 0.250000 0.078125 0.140625
1 0.425781 0.173828 0.101562 0.128906
1 0.314453 0.261719 0.074219 0.140625
1 0.429688 0.367188 0.078125 0.164062
1 0.974609 0.835938 0.050781 0.226562
2 0.564453 0.791016 0.308594 0.371094
