0 0.392578 0.167969 0.066406 0.093750
0 0.162109 0.501953 0.089844 0.121094
0 0.054688 0.585938 0.078125 0.109375
0 0.048828 0.667969 0.074219 0.109375
0 0.232422 0.746094 0.074219 0.125000
0 0.357422 0.808594 0.074219 0.132812
0 0.484375 0.599609 0.093750 0.113281
0 0.585938 0.617188 0.070312 0.117188
0 0.615234 0.759766 0.089844 0.128906
0 0.744141 0.796875 0.128906 0.078125
0 0.906250 0.845703 0.101562 0.105469
1 0.896484 0.126953 0.089844 0.121094
1 0.039062 0.447266 0.070312 0.160156
1 0.191406 0.509766 0.093750 0.136719
1 0.449219 0.929688 0.093750 0.140625
1 0.705078 0.412109 0.082031 0.167969
1 0.755859 0.824219 0.152344 0.093750
1 0.925781 0.865234 0.109375 0.113281
