0 0.402344 0.156250 0.062500 0.132812
0 0.609375 0.101562 0.062500 0.132812
0 0.892578 0.111328 0.074219 0.113281
0 0.925781 0.158203 0.070312 0.113281
0 0.703125 0.419922 0.062500 0.152344
0 0.732422 0.400391 0.050781 0.144531
0 0.027344 0.470703 0.046875 0.144531
0 0.054688 0.439453 0.054688 0.144531
0 0.369141 0.771484 0.082031 0.105469
0 0.371094 0.851562 0.062500 0.101562
0 0.462891 0.953125 0.105469 0.093750
0 0.466797 0.916016 0.105469 0.113281
0 0.480469 0.619141 0.070312 0.113281
0 0.519531 0.585938 0.062500 0.117188
1 0.242188 0.750000 0.078125 0.179688
1 0.054688 0.609375 0.093750 0.171875
1 0.074219 0.640625 0.093750 0.164062
2 0.195312 0.505859 0.164062 0.222656
2 0.710938 0.716797 0.289062 0.347656
2 0.925781 0.865234 0.148438 0.183594
