0 0.046875 0.425781 0.062500 0.109375
0 0.029297 0.480469 0.050781 0.109375
0 0.400391 0.171875 0.074219 0.109375
0 0.699219 0.435547 0.054688 0.121094
0 0.732422 0.392578 0.058594 0.113281
0 0.054688 0.595703 0.093750 0.128906
0 0.064453 0.660156 0.082031 0.117188
0 0.238281 0.751953 0.078125 0.144531
0 0.451172 0.908203 0.089844 0.097656
0 0.593750 0.625000 0.078125 0.140625
0 0.736328 0.849609 0.113281 0.058594
0 0.789062 0.810547 0.101562 0.058594
0 0.917969 0.896484 0.093750 0.066406
0 0.949219 0.845703 0.078125 0.074219
1 0.904297 0.132812 0.105469 0.148438
1 0.593750 0.072266 0.070312 0.136719
1 0.171875 0.501953 0.093750 0.144531
1 0.195312 0.513672 0.109375 0.160156
1 0.365234 0.812500 0.074219 0.148438
1 0.490234 0.605469 0.105469 0.140625
1 0.626953 0.767578 0.105469 0.136719
1 0.750000 0.804688 0.140625 0.085938
1 0.917969 0.849609 0.117188 0.121094
