0 0.292969 0.105469 0.070312 0.125000
0 0.330078 0.117188 0.066406 0.109375
0 0.039062 0.333984 0.062500 0.128906
0 0.029297 0.394531 0.050781 0.132812
0 0.072266 0.687500 0.136719 0.054688
0 0.158203 0.826172 0.058594 0.167969
1 0.101562 0.529297 0.093750 0.167969
1 0.121094 0.505859 0.085938 0.160156
1 0.062500 0.718750 0.117188 0.054688
1 0.189453 0.818359 0.058594 0.199219
1 0.535156 0.388672 0.085938 0.261719
1 0.560547 0.421875 0.074219 0.179688
1 0.595703 0.859375 0.058594 0.195312
1 0.632812 0.843750 0.054688 0.187500
1 0.722656 0.931641 0.109375 0.136719
