0 0.167969 0.072266 0.078125 0.128906
0 0.291016 0.267578 0.066406 0.121094
0 0.181641 0.412109 0.074219 0.113281
0 0.101562 0.574219 0.078125 0.117188
0 0.443359 0.615234 0.074219 0.113281
0 0.326172 0.869141 0.089844 0.089844
0 0.734375 0.628906 0.132812 0.070312
0 0.792969 0.916016 0.070312 0.105469
0 0.654297 0.039062 0.113281 0.070312
0 0.628906 0.759766 0.093750 0.097656
0 0.660156 0.816406 0.093750 0.093750
0 0.669922 0.755859 0.066406 0.097656
1 0.371094 0.158203 0.093750 0.128906
1 0.113281 0.615234 0.085938 0.160156
1 0.316406 0.902344 0.132812 0.132812
1 0.628906 0.527344 0.125000 0.109375
